77,0.005005,0.13175030052661896
113,0.0025075,0.13629436492919922
41,0.0075025000000000005,0.13108578324317932
59,0.0037562500000000005,0.13259334862232208
131,0.00875125,0.132136732339859
95,0.00125875,0.1468719094991684
23,0.00625375,0.13033735752105713
32,0.003131875,0.13214746117591858
104,0.008126875,0.13241665065288544
140,0.0006343750000000001,0.184719517827034
68,0.005629375,0.13228748738765717
50,0.0018831250000000003,0.13520017266273499
122,0.006878125,0.1330326646566391
86,0.004380625,0.13258807361125946
14,0.009375625,0.12916027009487152
18,0.0046928125,0.13055497407913208
91,0.0096878125,0.13191546499729156
127,0.0021953125,0.1431657373905182
54,0.0071903125,0.13052810728549957
72,0.0009465625000000001,0.15376710891723633
145,0.0059415625,0.134246364235878
109,0.0034440625,0.1359420120716095
36,0.0084390625,0.13035237789154053
27,0.0015709375,0.13243280351161957
100,0.0065659375,0.1324022263288498
136,0.0040684375,0.13936731219291687
63,0.0090634375,0.13108238577842712
45,0.0028196875,0.13192467391490936
118,0.0078146875,0.13238634169101715
82,0.00032218750000000005,0.21076345443725586
9,0.0053171875,0.129226416349411
11,0.00266359375,0.13043278455734253
84,0.0076585937500000005,0.13209854066371918
120,0.00016609375,0.3571854829788208
48,0.00516109375,0.13086658716201782
66,0.00141484375,0.13893893361091614
138,0.00640984375,0.13348272442817688
102,0.00391234375,0.13366319239139557
29,0.00890734375,0.13039423525333405
38,0.00079046875,0.13876840472221375
111,0.00578546875,0.13277077674865723
147,0.00328796875,0.1382131576538086
75,0.00828296875,0.13198938965797424
57,0.00453671875,0.13106125593185425
129,0.00953171875,0.13236786425113678
93,0.0020392187500000002,0.1410454362630844
20,0.00703421875,0.1302718222141266
16,0.00235140625,0.13152505457401276
88,0.00734640625,0.13199974596500397
125,0.00484890625,0.13289999961853027
52,0.00984390625,0.13104215264320374
70,0.00360015625,0.13152877986431122
143,0.00859515625,0.13186529278755188
106,0.0011026562500000001,0.16030211746692657
34,0.00609765625,0.13114821910858154
25,0.00422453125,0.13125301897525787
97,0.00921953125,0.1314808875322342
134,0.00172703125,0.14735637605190277
61,0.00672203125,0.13169308006763458
43,0.0004782812500000001,0.1445380598306656
116,0.00547328125,0.13310861587524414
79,0.00297578125,0.13354408740997314
7,0.00797078125,0.12902909517288208
8,0.003990390625,0.1294369101524353
80,0.008985390625,0.13060127198696136
117,0.001492890625,0.14532537758350372
44,0.006487890625,0.13097409904003143
62,0.00024414062500000005,0.1925925612449646
135,0.005239140625,0.13270173966884613
99,0.002741640625,0.135819211602211
26,0.007736640625,0.13038793206214905
35,0.0021172656250000002,0.1309264898300171
108,0.007112265625,0.1310657560825348
144,0.0046147656249999995,0.13388146460056305
71,0.009609765625,0.13143138587474823
53,0.003366015625,0.13292543590068817
126,0.008361015625,0.13180820643901825
89,0.000868515625,0.15967532992362976
17,0.005863515625,0.1303795576095581
21,0.0011807031250000001,0.1326894760131836
94,0.006175703125,0.13092003762722015
130,0.003678203125,0.13622964918613434
58,0.008673203125,0.13109667599201202
76,0.0049269531249999995,0.13270112872123718
148,0.009921953125,0.13216711580753326
112,0.002429453125,0.1413489729166031
40,0.007424453125,0.13044226169586182
31,0.003053828125,0.13049279153347015
103,0.008048828125,0.13133232295513153
139,0.0005563281250000001,0.19257746636867523
67,0.005551328125,0.13187211751937866
49,0.001805078125,0.1337011605501175
121,0.006800078125,0.1327955275774002
85,0.0043025781249999995,0.13407772779464722
12,0.009297578125,0.12880614399909973
10,0.001336796875,0.13142989575862885
83,0.006331796875,0.13106569647789001
119,0.0038342968750000005,0.134689599275589
46,0.008829296875,0.13042297959327698
65,0.002585546875,0.13432034850120544
137,0.007580546875,0.1331496685743332
101,8.8046875e-05,0.5941686034202576
28,0.005083046875,0.13115793466567993
37,0.0044586718749999995,0.13184179365634918
110,0.009453671875,0.13205581903457642
146,0.0019611718750000002,0.14290666580200195
74,0.006956171875,0.1314830332994461
55,0.0007124218750000001,0.13595536351203918
128,0.005707421875,0.1347133219242096
92,0.003209921875,0.1361168473958969
19,0.008204921875,0.12991486489772797
15,0.003522109375,0.1306852251291275
87,0.008517109375,0.13212531805038452
123,0.0010246093750000001,0.16827510297298431
51,0.006019609375,0.13168857991695404
69,0.002273359375,0.13689285516738892
142,0.007268359375,0.1326785534620285
105,0.0047708593749999995,0.13352905213832855
33,0.009765859375,0.13043910264968872
24,0.00040023437500000004,0.14848865568637848
96,0.005395234375,0.13258440792560577
133,0.002897734375,0.1465456634759903
60,0.007892734375,0.13046349585056305
42,0.0041464843749999996,0.13216257095336914
114,0.009141484375,0.13086529076099396
78,0.001648984375,0.1437091827392578
6,0.006643984375,0.1288994997739792
6,0.0033269921875000003,0.12930311262607574
79,0.0083219921875,0.13184820115566254
115,0.0008294921875,0.15526755154132843
42,0.0058244921875,0.13160191476345062
61,0.0020782421875,0.13513071835041046
133,0.0070732421875,0.1325700283050537
97,0.0045757421875,0.13387537002563477
24,0.0095707421875,0.1296122670173645
33,0.0002051171875,0.1631384938955307
106,0.0052001171875,0.13297876715660095
142,0.0027026171875000004,0.1427340805530548
70,0.0076976171875,0.13001854717731476
52,0.0039513671875,0.1324193924665451
124,0.0089463671875,0.13186340034008026
88,0.0014538671875,0.14721937477588654
15,0.0064488671875,0.12982918322086334
20,0.0017660546875,0.13220031559467316
92,0.0067610546875,0.13213317096233368
129,0.0042635546875,0.1356787383556366
56,0.0092585546875,0.13132160902023315
74,0.0030148046875000003,0.13407036662101746
147,0.0080098046875,0.13292300701141357
110,0.0005173046875000001,0.18954779207706451
38,0.0055123046875,0.1311376988887787
29,0.0048879296875,0.1312498301267624
101,0.0098829296875,0.13141046464443207
138,0.0023904296875,0.14277563989162445
65,0.0073854296875,0.1313900649547577
47,0.0011416796875000001,0.13561928272247314
119,0.0061366796874999996,0.13239212334156036
83,0.0036391796875000003,0.1330217868089676
11,0.0086341796875,0.12894564867019653
13,0.0006733984375000001,0.13324333727359772
85,0.0056683984375,0.13242711126804352
122,0.0031708984375000003,0.1340337097644806
49,0.0081658984375,0.13066884875297546
67,0.0044196484375,0.1323118358850479
140,0.009414648437500001,0.1320672333240509
104,0.0019221484375000002,0.15179143846035004
31,0.0069171484375,0.13061290979385376
40,0.0025465234375000004,0.13225619494915009
113,0.0075415234375,0.1315000355243683
149,4.90234375e-05,0.7869566679000854
76,0.0050440234375,0.1328015923500061
58,0.0012977734375,0.1420425921678543
131,0.0062927734375,0.13282746076583862
95,0.0037952734375000003,0.13388808071613312
22,0.008790273437500001,0.13010916113853455
18,0.0041074609375,0.13074758648872375
90,0.009102460937500001,0.13068458437919617
126,0.0016099609375,0.1545245498418808
54,0.0066049609375,0.130600243806839
72,0.00036121093750000004,0.17465561628341675
144,0.0053562109375,0.13432663679122925
108,0.0028587109375000004,0.13537771999835968
36,0.0078537109375,0.13039623200893402
27,0.0022343359375,0.13199912011623383
99,0.0072293359375,0.13250382244586945
135,0.0047318359375,0.13526558876037598
63,0.009726835937500001,0.13114018738269806
45,0.0034830859375000003,0.1314893215894699
117,0.0084780859375,0.1319022923707962
81,0.0009855859375000001,0.15291641652584076
8,0.0059805859375,0.12888146936893463
7,0.0020001953125,0.13040214776992798
80,0.0069951953125,0.13070262968540192
116,0.0044976953125,0.1345844268798828
44,0.0094926953125,0.13047337532043457
62,0.0032489453125000003,0.13168694078922272
134,0.0082439453125,0.13171806931495667
98,0.0007514453125,0.1755651980638504
25,0.0057464453125,0.13070757687091827
35,0.0038733203125000002,0.1307588666677475
107,0.0088683203125,0.1316119283437729
143,0.0013758203125,0.1604219526052475
71,0.0063708203125,0.13206949830055237
53,0.0001270703125,0.2641071081161499
125,0.0051220703125,0.13365821540355682
89,0.0026245703125000004,0.1375676542520523
16,0.0076195703125,0.12961970269680023
21,0.0029367578125000003,0.1312032788991928
93,0.0079317578125,0.13178250193595886
130,0.00043925781250000003,0.1943630427122116
57,0.0054342578125,0.13135720789432526
75,0.0016880078125,0.1382451057434082
148,0.0066830078125,0.13417714834213257
112,0.0041855078125,0.13544677197933197
39,0.0091805078125,0.13069161772727966
30,0.0010636328125000001,0.13513508439064026
102,0.0060586328125,0.13210172951221466
139,0.0035611328125000003,0.13698367774486542
66,0.0085561328125,0.13171471655368805
48,0.0048098828125,0.13101428747177124
121,0.0098048828125,0.13225281238555908
84,0.0023123828125,0.13448920845985413
12,0.0073073828125,0.1291046291589737
10,0.0046537890625,0.1297374665737152
82,0.0096487890625,0.13127504289150238
118,0.0021562890625,0.14215585589408875
46,0.0071512890625,0.13041265308856964
64,0.0009075390625,0.14700151979923248
136,0.0059025390625,0.13371439278125763
100,0.0034050390625000003,0.1352061927318573
28,0.0084000390625,0.13041558861732483
37,0.0015319140625,0.13393749296665192
109,0.0065269140625,0.13275711238384247
146,0.0040294140625,0.13767392933368683
73,0.0090244140625,0.1316687911748886
55,0.0027806640625000004,0.13357782363891602
127,0.0077756640625,0.13138645887374878
91,0.00028316406250000005,0.21962279081344604
19,0.0052781640625,0.12994828820228577
14,0.0005953515625000001,0.13407377898693085
87,0.0055903515625,0.13255874812602997
123,0.0030928515625000003,0.1372189074754715
50,0.0080878515625,0.131100594997406
69,0.0043416015625,0.13235947489738464
141,0.0093366015625,0.13168197870254517
105,0.0018441015625,0.14455433189868927
32,0.0068391015625,0.13085182011127472
23,0.0037172265625000003,0.13102856278419495
96,0.0087122265625,0.13181981444358826
132,0.0012197265625,0.17109815776348114
59,0.0062147265625,0.13205818831920624
41,0.0024684765625,0.13267959654331207
114,0.0074634765625,0.1313517838716507
78,0.0049659765625,0.132538840174675
5,0.0099609765625,0.12948375940322876
5,0.00498548828125,0.1288435310125351
78,0.00998048828125,0.13172106444835663
114,0.0024879882812500003,0.13436359167099
42,0.00748298828125,0.1311550885438919
60,0.00123923828125,0.13904930651187897
132,0.00623423828125,0.13247734308242798
96,0.00373673828125,0.13424476981163025
23,0.00873173828125,0.12960697710514069
33,0.0018636132812500001,0.1331639438867569
105,0.00685861328125,0.1326589733362198
141,0.00436111328125,0.13529950380325317
69,0.00935611328125,0.13130857050418854
51,0.0031123632812500002,0.1327536702156067
123,0.00810736328125,0.13236598670482635
87,0.0006148632812500001,0.16384470462799072
14,0.0056098632812499995,0.13012106716632843
19,0.00030267578125000005,0.15024204552173615
91,0.0052976757812499995,0.13277333974838257
128,0.0028001757812500003,0.14263351261615753
55,0.00779517578125,0.13128496706485748
73,0.00404892578125,0.13289718329906464
146,0.00904392578125,0.13266636431217194
110,0.0015514257812500002,0.14385804533958435
37,0.00654642578125,0.13118360936641693
28,0.00342455078125,0.13183413445949554
101,0.00841955078125,0.13217589259147644
137,0.00092705078125,0.16025805473327637
64,0.00592205078125,0.13217449188232422
46,0.0021758007812500003,0.13357238471508026
119,0.00717080078125,0.13203448057174683
82,0.00467330078125,0.13296626508235931
10,0.00966830078125,0.128916934132576
12,0.0023318945312500003,0.13100016117095947
85,0.00732689453125,0.13220997154712677
121,0.00482939453125,0.13376696407794952
48,0.00982439453125,0.13039331138134003
67,0.00358064453125,0.13286127150058746
139,0.008575644531250001,0.13261666893959045
103,0.00108314453125,0.14892040193080902
30,0.00607814453125,0.13064934313297272
39,0.00420501953125,0.1320243626832962
112,0.00920001953125,0.13195696473121643
148,0.0017075195312500002,0.16343720257282257
76,0.00670251953125,0.13214032351970673
57,0.00045876953125000003,0.1566638946533203
130,0.0054537695312499995,0.13376909494400024
94,0.0029562695312500002,0.1351199448108673
21,0.00795126953125,0.12960374355316162
17,0.0026440820312500003,0.13142332434654236
89,0.00763908203125,0.13190129399299622
125,0.00014658203125,0.4373628497123718
53,0.0051415820312499996,0.13220469653606415
71,0.0013953320312500002,0.14324535429477692
144,0.00639033203125,0.13205872476100922
107,0.00389283203125,0.13423873484134674
35,0.008887832031250001,0.13040156662464142
26,0.00077095703125,0.1389465481042862
98,0.00576595703125,0.13184282183647156
134,0.00326845703125,0.13933007419109344
62,0.008263457031250001,0.12988916039466858
44,0.00451720703125,0.13149066269397736
116,0.00951220703125,0.13198021054267883
80,0.0020197070312500003,0.13472524285316467
8,0.00701470703125,0.12881095707416534
9,0.00100509765625,0.13189785182476044
81,0.00600009765625,0.13220973312854767
117,0.00350259765625,0.1339084655046463
45,0.00849759765625,0.13039624691009521
63,0.00475134765625,0.13212549686431885
136,0.00974634765625,0.13248302042484283
99,0.0022538476562500003,0.14010116457939148
27,0.00724884765625,0.13045808672904968
36,0.0028782226562500002,0.13169722259044647
108,0.00787322265625,0.13092675805091858
145,0.00038072265625000004,0.29213643074035645
72,0.00537572265625,0.13100600242614746
54,0.0016294726562500002,0.1354968398809433
127,0.00662447265625,0.1313270777463913
90,0.00412697265625,0.13241799175739288
18,0.00912197265625,0.12948177754878998
22,0.00381478515625,0.13120615482330322
95,0.00880978515625,0.13207614421844482
131,0.0013172851562500002,0.14683152735233307
59,0.00631228515625,0.13201288878917694
77,6.853515625e-05,0.41246071457862854
149,0.00506353515625,0.13409526646137238
113,0.0025660351562500003,0.13677608966827393
40,0.00756103515625,0.13042713701725006
31,0.0019416601562500001,0.131252720952034
104,0.00693666015625,0.1324407458305359
140,0.00443916015625,0.13483703136444092
68,0.00943416015625,0.1315779834985733
50,0.00319041015625,0.13267061114311218
122,0.00818541015625,0.13250049948692322
86,0.0006929101562500001,0.18792499601840973
13,0.00568791015625,0.12977424263954163
11,0.00365869140625,0.12961871922016144
84,0.00865369140625,0.13195520639419556
120,0.00116119140625,0.1515457034111023
47,0.00615619140625,0.1304599940776825
65,0.0024099414062500003,0.13376326858997345
138,0.00740494140625,0.13285918533802032
102,0.00490744140625,0.13291841745376587
29,0.00990244140625,0.13036209344863892
38,0.0005368164062500001,0.15067307651042938
111,0.00553181640625,0.1330632120370865
147,0.0030343164062500002,0.1412559449672699
74,0.00802931640625,0.131325364112854
56,0.00428306640625,0.1324680745601654
129,0.00927806640625,0.13233661651611328
93,0.0017855664062500002,0.14172600209712982
20,0.00678056640625,0.130298912525177
16,0.0014733789062500002,0.13221795856952667
88,0.00646837890625,0.13223277032375336
124,0.00397087890625,0.13700899481773376
52,0.00896587890625,0.13121336698532104
70,0.0027221289062500003,0.1324687898159027
142,0.00771712890625,0.13259916007518768
106,0.00022462890625,0.2990613281726837
34,0.00521962890625,0.13143041729927063
25,0.00459525390625,0.13109932839870453
97,0.00959025390625,0.13167865574359894
133,0.0020977539062500003,0.14809566736221313
61,0.00709275390625,0.13175353407859802
43,0.00084900390625,0.14323009550571442
115,0.00584400390625,0.13297902047634125
79,0.00334650390625,0.13333076238632202
6,0.00834150390625,0.1293659210205078
6,0.0016684960937500002,0.13045401871204376
78,0.00666349609375,0.1321984827518463
115,0.00416599609375,0.13524064421653748
42,0.00916099609375,0.13079442083835602
60,0.00291724609375,0.1321914792060852
133,0.00791224609375,0.13225321471691132
97,0.00041974609375000003,0.1848618984222412
24,0.00541474609375,0.1308000236749649
33,0.00479037109375,0.1315489411354065
106,0.00978537109375,0.1314336359500885
142,0.00229287109375,0.14726243913173676
69,0.00728787109375,0.13177600502967834
51,0.00104412109375,0.14248298108577728
124,0.00603912109375,0.13289953768253326
87,0.0035416210937500004,0.1352451592683792
15,0.00853662109375,0.12921634316444397
20,0.0032294335937500004,0.13136249780654907
92,0.00822443359375,0.1317446231842041
128,0.00073193359375,0.18351702392101288
56,0.00572693359375,0.1320992112159729
74,0.00198068359375,0.13845647871494293
146,0.0069756835937500004,0.13315854966640472
110,0.00447818359375,0.132912278175354
38,0.00947318359375,0.13031546771526337
29,0.00010755859375,0.1916290670633316
101,0.00510255859375,0.13286617398262024
137,0.00260505859375,0.13998191058635712
65,0.00760005859375,0.13136650621891022
47,0.0038538085937500004,0.1309838891029358
119,0.00884880859375,0.13152341544628143
83,0.0013563085937500002,0.14525555074214935
10,0.00635130859375,0.12913352251052856
13,0.00432208984375,0.13035903871059418
85,0.00931708984375,0.1319287270307541
121,0.0018245898437500001,0.14928069710731506
49,0.00681958984375,0.13091011345386505
67,0.0005758398437500001,0.15528564155101776
140,0.00557083984375,0.1334819793701172
103,0.00307333984375,0.1315290480852127
31,0.00806833984375,0.1303989589214325
40,0.00244896484375,0.13209806382656097
112,0.00744396484375,0.13225872814655304
149,0.00494646484375,0.1348019242286682
76,0.009941464843750001,0.131478950381279
58,0.0036977148437500004,0.13253839313983917
131,0.00869271484375,0.13195998966693878
94,0.00120021484375,0.15690307319164276
22,0.00619521484375,0.13043326139450073
17,0.00088802734375,0.13364768028259277
90,0.00588302734375,0.13098981976509094
126,0.0033855273437500004,0.1397533267736435
53,0.00838052734375,0.13137851655483246
72,0.00463427734375,0.13138453662395477
144,0.009629277343750001,0.13111095130443573
108,0.00213677734375,0.13594040274620056
35,0.00713177734375,0.13073687255382538
26,0.00276115234375,0.13192324340343475
99,0.00775615234375,0.13230055570602417
135,0.00026365234375000005,0.24696451425552368
63,0.00525865234375,0.13205380737781525
44,0.0015124023437500002,0.13370056450366974
117,0.00650740234375,0.13235703110694885
81,0.00400990234375,0.13322331011295319
8,0.00900490234375,0.12897740304470062
7,0.00299529296875,0.12993618845939636
80,0.00799029296875,0.13060066103935242
116,0.0004977929687500001,0.20094163715839386
43,0.00549279296875,0.13152839243412018
61,0.0017465429687500002,0.1395585983991623
134,0.00674154296875,0.13186591863632202
98,0.0042440429687499994,0.13209107518196106
25,0.00923904296875,0.1301886886358261
34,0.00112216796875,0.13370855152606964
107,0.00611716796875,0.13241519033908844
143,0.0036196679687500004,0.13784179091453552
70,0.00861466796875,0.12993614375591278
52,0.00486841796875,0.1321951299905777
125,0.00986341796875,0.13192252814769745
89,0.00237091796875,0.13844604790210724
16,0.00736591796875,0.1296980082988739
21,0.00205873046875,0.1316826045513153
93,0.00705373046875,0.13188377022743225
129,0.00455623046875,0.13309107720851898
57,0.00955123046875,0.13053710758686066
75,0.0033074804687500004,0.1336153894662857
148,0.00830248046875,0.1326933205127716
111,0.00080998046875,0.1673891395330429
39,0.00580498046875,0.1314496099948883
30,0.0039318554687499995,0.13123482465744019
102,0.00892685546875,0.1313919574022293
138,0.0014343554687500002,0.17577864229679108
66,0.00642935546875,0.13207530975341797
48,0.00018560546875,0.23555614054203033
120,0.00518060546875,0.13204585015773773
84,0.00268310546875,0.13540084660053253
12,0.00767810546875,0.1290256381034851
9,0.00034169921875000004,0.13477210700511932
82,0.00533669921875,0.13238349556922913
118,0.00283919921875,0.14157140254974365
46,0.00783419921875,0.1304381936788559
64,0.0040879492187499995,0.1328558474779129
136,0.00908294921875,0.13267529010772705
100,0.0015904492187500002,0.1498771607875824
27,0.00658544921875,0.13057011365890503
37,0.0034635742187500004,0.13224895298480988
109,0.00845857421875,0.13242332637310028
145,0.0009660742187500001,0.16478231549263
73,0.00596107421875,0.13205522298812866
55,0.00221482421875,0.13363565504550934
127,0.00720982421875,0.1315532773733139
91,0.00471232421875,0.1328798532485962
18,0.00970732421875,0.12935341894626617
14,0.00440013671875,0.13007253408432007
86,0.00939513671875,0.13089974224567413
123,0.0019026367187500001,0.14602512121200562
50,0.00689763671875,0.13130387663841248
68,0.0006538867187500001,0.1580791026353836
141,0.00564888671875,0.13395462930202484
104,0.0031513867187500004,0.13713665306568146
32,0.00814638671875,0.13057944178581238
23,0.0012782617187500002,0.13272663950920105
95,0.00627326171875,0.13252107799053192
132,0.0037757617187500004,0.13753291964530945
59,0.00877076171875,0.13147619366645813
41,0.00252701171875,0.13301312923431396
114,0.00752201171875,0.1313556432723999
77,2.9511718750000004e-05,1.0592840909957886
5,0.00502451171875,0.12884868681430817
5,0.0025172558593750003,0.1295240819454193
77,0.007512255859375,0.13082468509674072
114,1.9755859375e-05,1.0179715156555176
41,0.005014755859375,0.13179385662078857
59,0.001268505859375,0.13929273188114166
132,0.006263505859375,0.1333577036857605
96,0.003766005859375,0.13363134860992432
23,0.008761005859375,0.1295899748802185
32,0.0006441308593750001,0.1426471322774887
105,0.005639130859375,0.13283459842205048
141,0.0031416308593750003,0.14234574139118195
68,0.008136630859375,0.13181638717651367
50,0.004390380859375,0.13192544877529144
123,0.009385380859375,0.13214050233364105
86,0.0018928808593750002,0.14312568306922913
14,0.006887880859375,0.12967443466186523
19,0.0022050683593750004,0.1309448480606079
91,0.007200068359375,0.13224312663078308
127,0.004702568359375,0.13459166884422302
55,0.009697568359375,0.13116571307182312
73,0.0034538183593750002,0.1335594803094864
145,0.008448818359375,0.13316886126995087
109,0.0009563183593750001,0.1538883000612259
37,0.005951318359375,0.1313534379005432
28,0.004078193359375,0.13154588639736176
100,0.009073193359375,0.13194219768047333
136,0.0015806933593750002,0.15950006246566772
64,0.006575693359375,0.13207760453224182
46,0.00033194335937500004,0.15894705057144165
118,0.005326943359375,0.1337725818157196
82,0.0028294433593750003,0.1340978890657425
9,0.007824443359375,0.1288256049156189
12,0.000175849609375,0.1409887820482254
84,0.005170849609375,0.1326330304145813
120,0.0026733496093750003,0.1399906426668167
48,0.007668349609375,0.1304493248462677
66,0.003922099609375,0.1328776329755783
139,0.008917099609375,0.13243907690048218
102,0.001424599609375,0.14624527096748352
30,0.006419599609375,0.13057871162891388
39,0.0032977246093750003,0.13237570226192474
111,0.008292724609375,0.13179616630077362
148,0.0008002246093750001,0.173126220703125
75,0.005795224609375,0.13238832354545593
57,0.002048974609375,0.13348616659641266
130,0.007043974609375,0.13233067095279694
93,0.004546474609375,0.13343322277069092
21,0.009541474609375,0.12943558394908905
16,0.004858662109375,0.13040141761302948
89,0.009853662109375,0.13130450248718262
125,0.0023611621093750004,0.1459243893623352
53,0.007356162109375,0.13160473108291626
71,0.001112412109375,0.14172481000423431
143,0.006107412109375,0.13261690735816956
107,0.0036099121093750002,0.13498039543628693
34,0.008604912109375,0.1305675208568573
25,0.0017367871093750002,0.1326669156551361
98,0.006731787109375,0.13110873103141785
134,0.004234287109375,0.1355712115764618
62,0.009229287109375,0.1298578679561615
43,0.0029855371093750003,0.13249391317367554
116,0.007980537109375,0.13219743967056274
80,0.0004880371093750001,0.18167467415332794
7,0.005483037109375,0.1288962960243225
8,0.001502646484375,0.1309884637594223
81,0.006497646484375,0.13215312361717224
117,0.004000146484375,0.13375501334667206
45,0.008995146484375001,0.130393385887146
63,0.0027513964843750003,0.13443884253501892
135,0.007746396484375,0.1311601847410202
99,0.00025389648437500005,0.21336260437965393
26,0.005248896484375,0.13093426823616028
36,0.004624521484375,0.13102306425571442
108,0.009619521484375,0.13089008629322052
144,0.002127021484375,0.1422288864850998
72,0.007122021484375,0.13062791526317596
54,0.0008782714843750001,0.13750812411308289
126,0.0058732714843749995,0.13283716142177582
90,0.0033757714843750002,0.13244302570819855
17,0.008370771484375,0.12953253090381622
22,0.003687958984375,0.13126666843891144
94,0.008682958984375001,0.13092371821403503
131,0.001190458984375,0.1683666706085205
58,0.006185458984375,0.1315249800682068
76,0.0024392089843750004,0.1345907598733902
149,0.007434208984375,0.13272541761398315
113,0.004936708984375,0.13325822353363037
40,0.009931708984375,0.1301993578672409
31,0.000566083984375,0.14392296969890594
103,0.005561083984375,0.13152167201042175
140,0.0030635839843750003,0.1413867026567459
67,0.008058583984375,0.1312902867794037
49,0.004312333984375,0.1315431296825409
122,0.009307333984375001,0.13224326074123383
85,0.0018148339843750002,0.14284028112888336
13,0.006809833984375,0.1293686479330063
11,0.003844052734375,0.12969887256622314
83,0.008839052734375,0.13057690858840942
119,0.001346552734375,0.15796026587486267
47,0.006341552734375,0.13044001162052155
65,9.7802734375e-05,0.29212862253189087
137,0.005092802734375,0.13378264009952545
101,0.0025953027343750003,0.1366226226091385
29,0.007590302734375,0.13052693009376526
38,0.001970927734375,0.13187846541404724
110,0.006965927734375,0.13249702751636505
147,0.004468427734375,0.1345769613981247
74,0.009463427734375,0.13107874989509583
56,0.0032196777343750003,0.13300563395023346
128,0.008214677734375,0.1326073706150055
92,0.0007221777343750001,0.16256074607372284
20,0.0057171777343749995,0.13045816123485565
15,0.001034365234375,0.1325439065694809
88,0.006029365234375,0.13219919800758362
124,0.0035318652343750002,0.13651950657367706
51,0.008526865234375,0.1311933845281601
69,0.004780615234375,0.13242100179195404
142,0.009775615234375,0.13190777599811554
106,0.0022831152343750004,0.13662536442279816
33,0.007278115234375,0.13081559538841248
24,0.0029074902343750003,0.13165226578712463
97,0.007902490234375,0.1319141387939453
133,0.00040999023437500004,0.22596000134944916
60,0.005404990234375,0.13087694346904755
42,0.0016587402343750002,0.1338493824005127
115,0.006653740234375,0.13284334540367126
79,0.004156240234375,0.1329624205827713
6,0.009151240234375,0.1295064240694046
7,0.0008392480468750001,0.1317896544933319
79,0.005834248046875,0.13230213522911072
115,0.003336748046875,0.13827794790267944
43,0.008331748046875,0.1309937685728073
61,0.004585498046875,0.1325891613960266
133,0.009580498046875,0.1318616271018982
97,0.002087998046875,0.13822971284389496
25,0.007082998046875,0.13043031096458435
34,0.002712373046875,0.13235391676425934
106,0.007707373046875,0.13234196603298187
143,0.000214873046875,0.39269545674324036
70,0.005209873046875,0.13061118125915527
52,0.001463623046875,0.13611023128032684
124,0.006458623046875,0.1324949562549591
88,0.003961123046875,0.13317488133907318
16,0.008956123046875,0.12927505373954773
20,0.004273310546875,0.13086920976638794
93,0.009268310546875,0.13155104219913483
129,0.0017758105468750002,0.14821211993694305
56,0.006770810546875,0.13184915482997894
75,0.000527060546875,0.15476781129837036
147,0.005522060546875,0.13416951894760132
111,0.003024560546875,0.1393587291240692
38,0.008019560546875,0.1305324137210846
29,0.002400185546875,0.1323707401752472
102,0.0073951855468750004,0.13166241347789764
138,0.004897685546875,0.13481028378009796
66,0.009892685546875,0.1314726620912552
47,0.0036489355468750004,0.1311691552400589
120,0.008643935546875,0.13096776604652405
84,0.001151435546875,0.15638095140457153
11,0.006146435546875,0.12936818599700928
13,0.003180654296875,0.13061514496803284
86,0.008175654296875,0.13112710416316986
122,0.0006831542968750001,0.17525377869606018
50,0.005678154296875,0.1315395087003708
68,0.0019319042968750002,0.13592468202114105
140,0.006926904296875,0.13261008262634277
104,0.004429404296875,0.13387304544448853
32,0.009424404296875,0.13042069971561432
41,5.8779296875e-05,0.2957136034965515
113,0.005053779296875,0.1331178992986679
149,0.002556279296875,0.136810764670372
77,0.007551279296875,0.13077403604984283
59,0.0038050292968750004,0.13278275728225708
131,0.008800029296875,0.13223491609096527
95,0.001307529296875,0.15271468460559845
22,0.006302529296875,0.13041695952415466
18,0.0016197167968750002,0.1321931630373001
90,0.006614716796875,0.1308763474225998
127,0.004117216796875,0.1347293108701706
54,0.009112216796875,0.1304592788219452
72,0.002868466796875,0.1336323767900467
145,0.007863466796875,0.13314609229564667
109,0.00037096679687500004,0.20115840435028076
36,0.005365966796875,0.13082262873649597
27,0.004741591796875,0.13101346790790558
100,0.009736591796875001,0.1318208873271942
136,0.002244091796875,0.14028538763523102
63,0.0072390917968750005,0.1315072774887085
45,0.000995341796875,0.1407562494277954
118,0.005990341796875,0.1325570046901703
81,0.0034928417968750004,0.13354803621768951
9,0.008487841796875,0.128828227519989
8,0.0045074511718749995,0.12927129864692688
80,0.009502451171875,0.13061626255512238
117,0.002009951171875,0.14446063339710236
44,0.007004951171875,0.13086730241775513
62,0.0007612011718750001,0.15335287153720856
135,0.005756201171875,0.13273371756076813
98,0.003258701171875,0.13469532132148743
26,0.008253701171875,0.13034896552562714
35,0.001385576171875,0.1316673755645752
107,0.006380576171875,0.13201212882995605
144,0.0038830761718750004,0.13768833875656128
71,0.008878076171875,0.1315019130706787
53,0.002634326171875,0.13382232189178467
126,0.007629326171875,0.13166570663452148
89,0.000136826171875,0.2606176733970642
17,0.005131826171875,0.1304161250591278
21,0.00044901367187500003,0.14649508893489838
94,0.005444013671875,0.13115279376506805
130,0.002946513671875,0.1368771642446518
58,0.007941513671875,0.1312132477760315
76,0.0041952636718749995,0.1332608163356781
148,0.009190263671875,0.13246196508407593
112,0.0016977636718750002,0.13947917520999908
39,0.006692763671875,0.13123628497123718
30,0.0035708886718750004,0.13136276602745056
103,0.008565888671875,0.13140711188316345
139,0.001073388671875,0.15938356518745422
67,0.006068388671875,0.13153964281082153
49,0.002322138671875,0.13287509977817535
121,0.007317138671875,0.13299234211444855
85,0.004819638671875,0.13260222971439362
12,0.009814638671875,0.12877319753170013
10,0.002166044921875,0.1307574212551117
83,0.007161044921875,0.13076327741146088
119,0.0046635449218749995,0.13394223153591156
46,0.009658544921875,0.13025563955307007
64,0.003414794921875,0.13343015313148499
137,0.008409794921875,0.13287462294101715
101,0.0009172949218750001,0.1526016741991043
28,0.005912294921875,0.13088978826999664
37,0.0040391699218749995,0.13198740780353546
110,0.009034169921875,0.1320658028125763
146,0.001541669921875,0.15111085772514343
73,0.006536669921875,0.1319698542356491
55,0.00029291992187500005,0.17587779462337494
128,0.005287919921875,0.13394469022750854
92,0.002790419921875,0.13515695929527283
19,0.007785419921875,0.12999458611011505
15,0.003102607421875,0.13089615106582642
87,0.008097607421875,0.13218817114830017
123,0.000605107421875,0.19028282165527344
51,0.005600107421875,0.1319538801908493
69,0.0018538574218750002,0.13443142175674438
141,0.006848857421875,0.1327073574066162
105,0.0043513574218749995,0.1339852213859558
33,0.009346357421875,0.13047656416893005
24,0.001229482421875,0.13328707218170166
96,0.006224482421875,0.13226069509983063
132,0.0037269824218750004,0.13558746874332428
60,0.008721982421875,0.1304779052734375
42,0.004975732421875,0.1318572461605072
114,0.009970732421875,0.13057637214660645
78,0.002478232421875,0.1370008885860443
5,0.007473232421875,0.12942111492156982
5,0.002497744140625,0.12954090535640717
78,0.007492744140625,0.13201934099197388
114,0.004995244140625,0.13262146711349487
41,0.009990244140625,0.1305837482213974
60,0.0037464941406250003,0.13169477880001068
132,0.008741494140625,0.1319253146648407
96,0.0012489941406250002,0.15360389649868011
23,0.006243994140625,0.13033893704414368
32,0.004370869140625,0.13163933157920837
105,0.009365869140625,0.1318594366312027
141,0.001873369140625,0.15224993228912354
69,0.006868369140625,0.13186705112457275
51,0.000624619140625,0.14579971134662628
123,0.005619619140625,0.13332141935825348
87,0.0031221191406250004,0.13324399292469025
14,0.008117119140625,0.12936259806156158
19,0.002809931640625,0.13063247501850128
91,0.007804931640625,0.13208742439746857
128,0.00031243164062500005,0.22555133700370789
55,0.005307431640625,0.13176269829273224
73,0.0015611816406250001,0.14422915875911713
146,0.0065561816406249996,0.13280269503593445
109,0.004058681640625,0.13434694707393646
37,0.009053681640625,0.13063544034957886
28,0.0009368066406250001,0.13436709344387054
100,0.005931806640625,0.13269327580928802
137,0.0034343066406250003,0.1342124193906784
64,0.008429306640625,0.13166940212249756
46,0.004683056640625,0.13074487447738647
118,0.009678056640625,0.13196967542171478
82,0.002185556640625,0.13575027883052826
10,0.007180556640625,0.12898090481758118
12,0.004839150390625,0.12999504804611206
85,0.009834150390625001,0.13173426687717438
121,0.002341650390625,0.13829225301742554
48,0.007336650390625,0.13048146665096283
66,0.0010929003906250002,0.1528013050556183
139,0.006087900390625,0.13366690278053284
103,0.0035904003906250003,0.1321738362312317
30,0.008585400390625,0.1300860196352005
39,0.001717275390625,0.13320621848106384
112,0.006712275390625,0.1327849179506302
148,0.004214775390625,0.1374679058790207
75,0.009209775390625001,0.1318221539258957
57,0.0029660253906250004,0.13122208416461945
130,0.007961025390625,0.13238222897052765
94,0.00046852539062500003,0.1731337606906891
21,0.005463525390625,0.1303844004869461
17,0.000156337890625,0.1652749627828598
89,0.005151337890625,0.13260620832443237
125,0.002653837890625,0.13923826813697815
53,0.007648837890625,0.13153637945652008
71,0.0039025878906250003,0.13249455392360687
143,0.008897587890625,0.13151268661022186
107,0.0014050878906250001,0.14475254714488983
35,0.006400087890625,0.1307644098997116
26,0.0032782128906250004,0.13172246515750885
98,0.008273212890625,0.13078872859477997
134,0.0007807128906250001,0.19132089614868164
62,0.005775712890625,0.13011598587036133
44,0.002029462890625,0.13353215157985687
116,0.007024462890625,0.13277927041053772
80,0.004526962890625,0.13140198588371277
7,0.009521962890625001,0.12927521765232086
9,0.0035123535156250003,0.1301324963569641
81,0.008507353515625,0.1318974494934082
117,0.0010148535156250002,0.15938034653663635
45,0.006009853515625,0.13067449629306793
63,0.002263603515625,0.13415081799030304
135,0.007258603515625,0.13138853013515472
99,0.004761103515625,0.13316793739795685
27,0.009756103515625,0.1297786384820938
36,0.00039047851562500004,0.15313898026943207
108,0.005385478515625,0.13231825828552246
145,0.0028879785156250004,0.13847751915454865
72,0.007882978515625,0.13057446479797363
54,0.004136728515625,0.1313404142856598
126,0.009131728515625,0.1313907504081726
90,0.0016392285156250001,0.13789620995521545
18,0.006634228515625,0.1302296668291092
22,0.0013270410156250001,0.13288234174251556
95,0.006322041015625,0.1324581801891327
131,0.0038245410156250003,0.1359039843082428
58,0.008819541015625,0.13119231164455414
77,0.002575791015625,0.13587503135204315
149,0.007570791015625,0.13331909477710724
113,7.8291015625e-05,0.6322688460350037
40,0.005073291015625,0.13088519871234894
31,0.004448916015625,0.13091108202934265
104,0.009443916015625,0.13209854066371918
140,0.001951416015625,0.15179428458213806
68,0.006946416015625,0.13204611837863922
49,0.0007026660156250001,0.14305941760540009
122,0.005697666015625,0.1339435577392578
86,0.0032001660156250004,0.13502280414104462
13,0.008195166015625,0.12903238832950592
11,0.0011709472656250002,0.1314973533153534
83,0.006165947265625,0.13100573420524597
120,0.0036684472656250003,0.1363898366689682
47,0.008663447265625,0.13051863014698029
65,0.004917197265625,0.1321817934513092
138,0.009912197265625,0.1323029100894928
101,0.002419697265625,0.1449371725320816
29,0.007414697265625,0.13055546581745148
38,0.0030440722656250004,0.13080528378486633
111,0.008039072265625,0.13190892338752747
147,0.000546572265625,0.18641886115074158
74,0.005541572265625,0.13188156485557556
56,0.001795322265625,0.1359773576259613
129,0.006790322265625,0.13305599987506866
92,0.004292822265625,0.1336185187101364
20,0.009287822265625,0.12949804961681366
15,0.003980634765624999,0.13051366806030273
88,0.008975634765625,0.13177204132080078
124,0.0014831347656250001,0.15518876910209656
52,0.006478134765625,0.1317872405052185
70,0.000234384765625,0.19906848669052124
142,0.005229384765625,0.13362449407577515
106,0.002731884765625,0.13942095637321472
34,0.007726884765625,0.13072936236858368
24,0.002107509765625,0.13203215599060059
97,0.007102509765625,0.13212579488754272
133,0.004605009765625,0.13573399186134338
61,0.009600009765625,0.13122352957725525
43,0.0033562597656250004,0.13233381509780884
115,0.008351259765625,0.1325359344482422
79,0.0008587597656250001,0.1448555886745453
6,0.005853759765625,0.12879285216331482
6,0.004175751953125,0.1289414018392563
78,0.009170751953125,0.13183917105197906
115,0.0016782519531250001,0.15360362827777863
42,0.006673251953125,0.13136029243469238
60,0.00042950195312500003,0.17289690673351288
133,0.005424501953125,0.13394306600093842
96,0.002927001953125,0.1355549395084381
24,0.007922001953125,0.13023313879966736
33,0.0023026269531250003,0.13252386450767517
105,0.007297626953125,0.13212978839874268
142,0.004800126953125,0.13581013679504395
69,0.009795126953125,0.1311306208372116
51,0.003551376953125,0.13241171836853027
124,0.008546376953125,0.13203509151935577
87,0.0010538769531250002,0.14592716097831726
15,0.006048876953125,0.12998585402965546
19,0.0007416894531250001,0.13462752103805542
92,0.005736689453125,0.132524773478508
128,0.003239189453125,0.13904350996017456
56,0.008234189453125,0.13153110444545746
74,0.004487939453125,0.1324491798877716
146,0.009482939453125,0.13235357403755188
110,0.0019904394531250003,0.1457788050174713
37,0.006985439453125,0.1310671865940094
28,0.0026148144531250002,0.13208769261837006
101,0.007609814453125,0.13239729404449463
137,0.000117314453125,0.38766875863075256
65,0.005112314453125,0.13203027844429016
47,0.0013660644531250001,0.13404960930347443
119,0.006361064453125,0.13257095217704773
83,0.003863564453125,0.1332736313343048
10,0.008858564453125,0.12888304889202118
13,0.001834345703125,0.1315630078315735
85,0.006829345703125,0.13231830298900604
121,0.004331845703125,0.13534176349639893
49,0.009326845703125,0.13050763309001923
67,0.003083095703125,0.133645698428154
139,0.008078095703125,0.13254421949386597
103,0.000585595703125,0.18567897379398346
31,0.005580595703125,0.13096559047698975
40,0.004956220703125,0.13092376291751862
112,0.009951220703125,0.13184106349945068
149,0.0024587207031250002,0.1386300027370453
76,0.007453720703125,0.1321648359298706
58,0.0012099707031250002,0.13571566343307495
130,0.006204970703125,0.1336672604084015
94,0.003707470703125,0.13309799134731293
22,0.008702470703125,0.13013345003128052
17,0.003395283203125,0.13097785413265228
90,0.008390283203125,0.13063214719295502
126,0.0008977832031250001,0.14947105944156647
53,0.005892783203125,0.1319708526134491
71,0.0021465332031250003,0.1342393457889557
144,0.007141533203125,0.13197366893291473
108,0.004644033203125,0.13301166892051697
35,0.009639033203125,0.13030888140201569
26,0.00027340820312500005,0.17252397537231445
99,0.005268408203125,0.1329466849565506
135,0.002770908203125,0.1373765915632248
62,0.007765908203125,0.129916712641716
44,0.004019658203125,0.13165350258350372
117,0.009014658203125,0.1318240910768509
81,0.0015221582031250001,0.1374455690383911
8,0.006517158203125,0.12882763147354126
7,0.000507548828125,0.13272830843925476
79,0.005502548828125,0.13241688907146454
116,0.003005048828125,0.13932682573795319
43,0.008000048828125,0.13106612861156464
61,0.004253798828125,0.1325862854719162
134,0.009248798828125,0.13149993121623993
98,0.001756298828125,0.1431766301393509
25,0.006751298828125,0.13048063218593597
34,0.003629423828125,0.1320166438817978
107,0.008624423828125,0.13168512284755707
143,0.0011319238281250002,0.14168527722358704
70,0.006126923828125,0.1301581710577011
52,0.0023806738281250002,0.13387076556682587
125,0.007375673828125,0.13260069489479065
88,0.0048781738281249995,0.1326633095741272
16,0.009873173828125,0.1290985345840454
21,0.004565986328125,0.1306004822254181
93,0.009560986328125,0.13150741159915924
129,0.0020684863281250003,0.1476600468158722
57,0.007063486328125,0.13109295070171356
75,0.0008197363281250001,0.1534844934940338
147,0.005814736328125,0.13439282774925232
111,0.003317236328125,0.1373213231563568
39,0.008312236328125,0.13085226714611053
30,0.0014441113281250001,0.1332155019044876
102,0.006439111328125,0.13220655918121338
138,0.003941611328125,0.13585692644119263
66,0.008936611328125,0.13164745271205902
48,0.002692861328125,0.13185445964336395
120,0.007687861328125,0.13118498027324677
84,0.000195361328125,0.2764933407306671
11,0.0051903613281249995,0.1294359415769577
9,0.002848955078125,0.13037355244159698
82,0.007843955078125001,0.1319381445646286
118,0.00035145507812500004,0.21651042997837067
45,0.005346455078125,0.13082660734653473
64,0.0016002050781250001,0.13930602371692657
136,0.006595205078125,0.13315731287002563
100,0.004097705078125,0.1339593082666397
27,0.009092705078125,0.13003994524478912
36,0.0009758300781250001,0.13697224855422974
109,0.005970830078125,0.13269871473312378
145,0.003473330078125,0.14066074788570404
73,0.008468330078125001,0.13173040747642517
54,0.0047220800781249996,0.13107070326805115
127,0.009717080078125,0.13084404170513153
91,0.0022245800781250003,0.13889268040657043
18,0.007219580078125,0.13002638518810272
14,0.001912392578125,0.13085351884365082
86,0.006907392578125,0.13138005137443542
122,0.004409892578125,0.13625815510749817
50,0.009404892578125,0.13093772530555725
68,0.003161142578125,0.13346758484840393
141,0.008156142578125001,0.13218282163143158
104,0.0006636425781250001,0.2049032300710678
32,0.005658642578125,0.13118889927864075
23,0.003785517578125,0.13100291788578033
95,0.008780517578125,0.13206057250499725
132,0.0012880175781250002,0.15902572870254517
59,0.006283017578125,0.13203293085098267
41,3.9267578125e-05,0.4166776239871979
113,0.0050342675781249995,0.1330723613500595
77,0.0025367675781250002,0.13456600904464722
