77,0.005005,0.05975459888577461
113,0.0025075,0.061365868896245956
41,0.0075025000000000005,0.059327784925699234
59,0.0037562500000000005,0.059965308755636215
131,0.00875125,0.059527039527893066
95,0.00125875,0.0661950409412384
23,0.00625375,0.058566007763147354
32,0.003131875,0.05984317883849144
104,0.008126875,0.059797223657369614
140,0.0006343750000000001,0.09035877883434296
68,0.005629375,0.059903405606746674
50,0.0018831250000000003,0.06030184030532837
122,0.006878125,0.05979089066386223
86,0.004380625,0.05988582596182823
14,0.009375625,0.058315426111221313
18,0.0046928125,0.05896594375371933
91,0.0096878125,0.0596778467297554
127,0.0021953125,0.06542807072401047
54,0.0071903125,0.05950215831398964
72,0.0009465625000000001,0.07109399139881134
145,0.0059415625,0.0603635199368
109,0.0034440625,0.06170674413442612
36,0.0084390625,0.05907868593931198
27,0.0015709375,0.0599655881524086
100,0.0065659375,0.059764038771390915
136,0.0040684375,0.0606783851981163
63,0.0090634375,0.059456437826156616
45,0.0028196875,0.05983021482825279
118,0.0078146875,0.059713974595069885
82,0.00032218750000000005,0.09993759542703629
9,0.0053171875,0.05836603045463562
11,0.00266359375,0.05904790759086609
84,0.0076585937500000005,0.059706754982471466
120,0.00016609375,0.2292022556066513
48,0.00516109375,0.059638239443302155
66,0.00141484375,0.06330903619527817
138,0.00640984375,0.059987396001815796
102,0.00391234375,0.060053061693906784
29,0.00890734375,0.058488696813583374
38,0.00079046875,0.06258385628461838
111,0.00578546875,0.06010596454143524
147,0.00328796875,0.06317625939846039
75,0.00828296875,0.0597626231610775
57,0.00453671875,0.05942482501268387
129,0.00953171875,0.0597950778901577
93,0.0020392187500000002,0.06325381249189377
20,0.00703421875,0.058549560606479645
16,0.00235140625,0.059509579092264175
88,0.00734640625,0.059735819697380066
125,0.00484890625,0.06054648756980896
52,0.00984390625,0.05927576497197151
70,0.00360015625,0.05976611375808716
143,0.00859515625,0.05973607674241066
106,0.0011026562500000001,0.07665714621543884
34,0.00609765625,0.05935540050268173
25,0.00422453125,0.05941881611943245
97,0.00921953125,0.05970871075987816
134,0.00172703125,0.08104723691940308
61,0.00672203125,0.05958164855837822
43,0.0004782812500000001,0.06637849658727646
116,0.00547328125,0.0601358488202095
79,0.00297578125,0.06008569896221161
7,0.00797078125,0.058722179383039474
8,0.003990390625,0.058422915637493134
80,0.008985390625,0.05953479930758476
117,0.001492890625,0.06598113477230072
44,0.006487890625,0.0594312883913517
62,0.00024414062500000005,0.09493362158536911
135,0.005239140625,0.059327661991119385
99,0.002741640625,0.061275023967027664
26,0.007736640625,0.05841744691133499
35,0.0021172656250000002,0.05937125161290169
108,0.007112265625,0.059468138962984085
144,0.0046147656249999995,0.059763103723526
71,0.009609765625,0.059491515159606934
53,0.003366015625,0.05999267101287842
126,0.008361015625,0.059753257781267166
89,0.000868515625,0.07628967612981796
17,0.005863515625,0.058524876832962036
21,0.0011807031250000001,0.06002812087535858
94,0.006175703125,0.059432052075862885
130,0.003678203125,0.06097717955708504
58,0.008673203125,0.059426840394735336
76,0.0049269531249999995,0.05991772934794426
148,0.009921953125,0.05966461822390556
112,0.002429453125,0.06097353994846344
40,0.007424453125,0.05933539196848869
31,0.003053828125,0.059635523706674576
103,0.008048828125,0.059370726346969604
139,0.0005563281250000001,0.11344333738088608
67,0.005551328125,0.059793565422296524
49,0.001805078125,0.060323942452669144
121,0.006800078125,0.06005252152681351
85,0.0043025781249999995,0.05995654687285423
12,0.009297578125,0.0583387091755867
10,0.001336796875,0.05955510213971138
83,0.006331796875,0.05949918553233147
119,0.0038342968750000005,0.06043748930096626
46,0.008829296875,0.0593072772026062
65,0.002585546875,0.06032202020287514
137,0.007580546875,0.05978461727499962
101,8.8046875e-05,0.3812626898288727
28,0.005083046875,0.059346672147512436
37,0.0044586718749999995,0.05957851558923721
110,0.009453671875,0.059629086405038834
146,0.0019611718750000002,0.07221494615077972
74,0.006956171875,0.05953475832939148
55,0.0007124218750000001,0.0670899897813797
128,0.005707421875,0.060084499418735504
92,0.003209921875,0.060969673097133636
19,0.008204921875,0.05840397998690605
15,0.003522109375,0.05908828228712082
87,0.008517109375,0.059819456189870834
123,0.0010246093750000001,0.07966871559619904
51,0.006019609375,0.059654079377651215
69,0.002273359375,0.060609232634305954
142,0.007268359375,0.059660471975803375
105,0.0047708593749999995,0.0603039488196373
33,0.009765859375,0.058790575712919235
24,0.00040023437500000004,0.06311172246932983
96,0.005395234375,0.05985037609934807
133,0.002897734375,0.06415781378746033
60,0.007892734375,0.059556055814027786
42,0.0041464843749999996,0.059784796088933945
114,0.009141484375,0.05915401130914688
78,0.001648984375,0.0628267452120781
6,0.006643984375,0.058761317282915115
6,0.0033269921875000003,0.05839558690786362
79,0.0083219921875,0.05966799333691597
115,0.0008294921875,0.0914432629942894
42,0.0058244921875,0.05949217826128006
61,0.0020782421875,0.060224760323762894
133,0.0070732421875,0.059834305197000504
97,0.0045757421875,0.059972815215587616
24,0.0095707421875,0.05839882418513298
33,0.0002051171875,0.09753464162349701
106,0.0052001171875,0.06004970893263817
142,0.0027026171875000004,0.06958890706300735
70,0.0076976171875,0.05940709263086319
52,0.0039513671875,0.05987083539366722
124,0.0089463671875,0.059826094657182693
88,0.0014538671875,0.064891517162323
15,0.0064488671875,0.05835659056901932
20,0.0017660546875,0.059753984212875366
92,0.0067610546875,0.05983126908540726
129,0.0042635546875,0.06089261919260025
56,0.0092585546875,0.059429414570331573
74,0.0030148046875000003,0.06007779389619827
147,0.0080098046875,0.0601145438849926
110,0.0005173046875000001,0.11236440390348434
38,0.0055123046875,0.05951636657118797
29,0.0048879296875,0.05937490984797478
101,0.0098829296875,0.059699296951293945
138,0.0023904296875,0.06662505120038986
65,0.0073854296875,0.059614118188619614
47,0.0011416796875000001,0.06426113843917847
119,0.0061366796874999996,0.05985839664936066
83,0.0036391796875000003,0.05983447656035423
11,0.0086341796875,0.058376722037792206
13,0.0006733984375000001,0.060147590935230255
85,0.0056683984375,0.05989407002925873
122,0.0031708984375000003,0.06296036392450333
49,0.0081658984375,0.05933748930692673
67,0.0044196484375,0.059804487973451614
140,0.009414648437500001,0.05950011685490608
104,0.0019221484375000002,0.06740982830524445
31,0.0069171484375,0.059020135551691055
40,0.0025465234375000004,0.059924546629190445
113,0.0075415234375,0.05974842607975006
149,4.90234375e-05,0.4164970815181732
76,0.0050440234375,0.05988790839910507
58,0.0012977734375,0.06333980709314346
131,0.0062927734375,0.05987655743956566
95,0.0037952734375000003,0.06032508984208107
22,0.008790273437500001,0.05828579142689705
18,0.0041074609375,0.05893706530332565
90,0.009102460937500001,0.05949477478861809
126,0.0016099609375,0.06704104691743851
54,0.0066049609375,0.05961623415350914
72,0.00036121093750000004,0.08997233211994171
144,0.0053562109375,0.059637464582920074
108,0.0028587109375000004,0.06095866858959198
36,0.0078537109375,0.05915070325136185
27,0.0022343359375,0.05985625460743904
99,0.0072293359375,0.059908535331487656
135,0.0047318359375,0.060542427003383636
63,0.009726835937500001,0.05938433110713959
45,0.0034830859375000003,0.059799764305353165
117,0.0084780859375,0.05953649803996086
81,0.0009855859375000001,0.06711307913064957
8,0.0059805859375,0.05831616744399071
7,0.0020001953125,0.05869836360216141
80,0.0069951953125,0.05956873297691345
116,0.0044976953125,0.06017594784498215
44,0.0094926953125,0.058542847633361816
62,0.0032489453125000003,0.059673286974430084
134,0.0082439453125,0.05968190357089043
98,0.0007514453125,0.08567893505096436
25,0.0057464453125,0.059115346521139145
35,0.0038733203125000002,0.059565313160419464
107,0.0088683203125,0.059721652418375015
143,0.0013758203125,0.07377483695745468
71,0.0063708203125,0.059771232306957245
53,0.0001270703125,0.12450515478849411
125,0.0051220703125,0.0601750984787941
89,0.0026245703125000004,0.06038336828351021
16,0.0076195703125,0.05842583253979683
21,0.0029367578125000003,0.05950247496366501
93,0.0079317578125,0.0597689151763916
130,0.00043925781250000003,0.12628696858882904
57,0.0054342578125,0.05947275459766388
75,0.0016880078125,0.06187945231795311
148,0.0066830078125,0.060094475746154785
112,0.0041855078125,0.06073029339313507
39,0.0091805078125,0.059050727635622025
30,0.0010636328125000001,0.06076141819357872
102,0.0060586328125,0.059774115681648254
139,0.0035611328125000003,0.06168001890182495
66,0.0085561328125,0.05961411073803902
48,0.0048098828125,0.059718791395425797
121,0.0098048828125,0.059837207198143005
84,0.0023123828125,0.06122699752449989
12,0.0073073828125,0.05834271386265755
10,0.0046537890625,0.05845382809638977
82,0.0096487890625,0.05955557897686958
118,0.0021562890625,0.06903261691331863
46,0.0071512890625,0.05949512496590614
64,0.0009075390625,0.06698422133922577
136,0.0059025390625,0.06010342389345169
100,0.0034050390625000003,0.06095937266945839
28,0.0084000390625,0.058540333062410355
37,0.0015319140625,0.06029907986521721
109,0.0065269140625,0.059853944927453995
146,0.0040294140625,0.06120733171701431
73,0.0090244140625,0.05956888198852539
55,0.0027806640625000004,0.0599893294274807
127,0.0077756640625,0.05937124788761139
91,0.00028316406250000005,0.0993003100156784
19,0.0052781640625,0.058464135974645615
14,0.0005953515625000001,0.059530146420001984
87,0.0055903515625,0.05999048054218292
123,0.0030928515625000003,0.0608825646340847
50,0.0080878515625,0.059386007487773895
69,0.0043416015625,0.05989795923233032
141,0.0093366015625,0.05972037464380264
105,0.0018441015625,0.061314329504966736
32,0.0068391015625,0.059172336012125015
23,0.0037172265625000003,0.05945921689271927
96,0.0087122265625,0.05972043797373772
132,0.0012197265625,0.07938529551029205
59,0.0062147265625,0.05976641923189163
41,0.0024684765625,0.059935055673122406
114,0.0074634765625,0.05918952450156212
78,0.0049659765625,0.059803903102874756
5,0.0099609765625,0.059035684913396835
5,0.00498548828125,0.058601681143045425
78,0.00998048828125,0.05961909517645836
114,0.0024879882812500003,0.06251949816942215
42,0.00748298828125,0.05934678390622139
60,0.00123923828125,0.06298735737800598
132,0.00623423828125,0.05990657955408096
96,0.00373673828125,0.06012893468141556
23,0.00873173828125,0.0581563338637352
33,0.0018636132812500001,0.06001264974474907
105,0.00685861328125,0.0597076453268528
141,0.00436111328125,0.06107176095247269
69,0.00935611328125,0.059440817683935165
51,0.0031123632812500002,0.05996314436197281
123,0.00810736328125,0.05975803732872009
87,0.0006148632812500001,0.10052970796823502
14,0.0056098632812499995,0.058430373668670654
19,0.00030267578125000005,0.06678890436887741
91,0.0052976757812499995,0.05993635952472687
128,0.0028001757812500003,0.0643511712551117
55,0.00779517578125,0.059489186853170395
73,0.00404892578125,0.06003664806485176
146,0.00904392578125,0.05989450961351395
110,0.0015514257812500002,0.07403789460659027
37,0.00654642578125,0.05935816839337349
28,0.00342455078125,0.059651151299476624
101,0.00841955078125,0.05976805463433266
137,0.00092705078125,0.09119293093681335
64,0.00592205078125,0.05983611196279526
46,0.0021758007812500003,0.06010323390364647
119,0.00717080078125,0.059768497943878174
82,0.00467330078125,0.059981487691402435
10,0.00966830078125,0.05855442211031914
12,0.0023318945312500003,0.05929017439484596
85,0.00732689453125,0.05978339537978172
121,0.00482939453125,0.060469962656497955
48,0.00982439453125,0.05920717120170593
67,0.00358064453125,0.05992782115936279
139,0.008575644531250001,0.0596468448638916
103,0.00108314453125,0.07640993595123291
30,0.00607814453125,0.0592331625521183
39,0.00420501953125,0.05967991426587105
112,0.00920001953125,0.05967634543776512
148,0.0017075195312500002,0.06481990963220596
76,0.00670251953125,0.05976767838001251
57,0.00045876953125000003,0.07746865600347519
130,0.0054537695312499995,0.06024008244276047
94,0.0029562695312500002,0.060257114470005035
21,0.00795126953125,0.05825773626565933
17,0.0026440820312500003,0.05949164927005768
89,0.00763908203125,0.05979360640048981
125,0.00014658203125,0.36509692668914795
53,0.0051415820312499996,0.059798337519168854
71,0.0013953320312500002,0.06149361655116081
144,0.00639033203125,0.05942172929644585
107,0.00389283203125,0.06060046702623367
35,0.008887832031250001,0.05889607220888138
26,0.00077095703125,0.061879344284534454
98,0.00576595703125,0.05965355783700943
134,0.00326845703125,0.0609297975897789
62,0.008263457031250001,0.059309571981430054
44,0.00451720703125,0.059648700058460236
116,0.00951220703125,0.059664104133844376
80,0.0020197070312500003,0.06111001968383789
8,0.00701470703125,0.05841661989688873
9,0.00100509765625,0.059721656143665314
81,0.00600009765625,0.059735000133514404
117,0.00350259765625,0.06123344972729683
45,0.00849759765625,0.059270985424518585
63,0.00475134765625,0.05982387810945511
136,0.00974634765625,0.05992431938648224
99,0.0022538476562500003,0.06476704776287079
27,0.00724884765625,0.05855294689536095
36,0.0028782226562500002,0.059856612235307693
108,0.00787322265625,0.05939842015504837
145,0.00038072265625000004,0.11812762171030045
72,0.00537572265625,0.05965310335159302
54,0.0016294726562500002,0.060328129678964615
127,0.00662447265625,0.05936751142144203
90,0.00412697265625,0.05972675234079361
18,0.00912197265625,0.05845566466450691
22,0.00381478515625,0.05939561128616333
95,0.00880978515625,0.05974460393190384
131,0.0013172851562500002,0.07171406596899033
59,0.00631228515625,0.059712398797273636
77,6.853515625e-05,0.2375423163175583
149,0.00506353515625,0.06095109507441521
113,0.0025660351562500003,0.06068912148475647
40,0.00756103515625,0.05931749567389488
31,0.0019416601562500001,0.05938246101140976
104,0.00693666015625,0.05987097695469856
140,0.00443916015625,0.060341544449329376
68,0.00943416015625,0.05955255404114723
50,0.00319041015625,0.060015641152858734
122,0.00818541015625,0.05982118844985962
86,0.0006929101562500001,0.0708576887845993
13,0.00568791015625,0.058401525020599365
11,0.00365869140625,0.058451827615499496
84,0.00865369140625,0.05969151854515076
120,0.00116119140625,0.07282266020774841
47,0.00615619140625,0.059588801115751266
65,0.0024099414062500003,0.06047491729259491
138,0.00740494140625,0.05975985899567604
102,0.00490744140625,0.05996878817677498
29,0.00990244140625,0.0584685280919075
38,0.0005368164062500001,0.07564842700958252
111,0.00553181640625,0.05996532738208771
147,0.0030343164062500002,0.06325660645961761
74,0.00802931640625,0.05955049395561218
56,0.00428306640625,0.059929732233285904
129,0.00927806640625,0.05987730249762535
93,0.0017855664062500002,0.0674327090382576
20,0.00678056640625,0.058385130017995834
16,0.0014733789062500002,0.05983668565750122
88,0.00646837890625,0.0598173514008522
124,0.00397087890625,0.06092526763677597
52,0.00896587890625,0.059344880282878876
70,0.0027221289062500003,0.05954612046480179
142,0.00771712890625,0.05975402519106865
106,0.00022462890625,0.1541130244731903
34,0.00521962890625,0.05950070172548294
25,0.00459525390625,0.05933639779686928
97,0.00959025390625,0.05968458577990532
133,0.0020977539062500003,0.07041554152965546
61,0.00709275390625,0.0596509613096714
43,0.00084900390625,0.06471201777458191
115,0.00584400390625,0.059954944998025894
79,0.00334650390625,0.05999799445271492
6,0.00834150390625,0.05881761014461517
6,0.0016684960937500002,0.058673057705163956
78,0.00666349609375,0.05974968522787094
115,0.00416599609375,0.060080062597990036
42,0.00916099609375,0.05916156619787216
60,0.00291724609375,0.0597756952047348
133,0.00791224609375,0.05969589948654175
97,0.00041974609375000003,0.11025569587945938
24,0.00541474609375,0.059116676449775696
33,0.00479037109375,0.05944386497139931
106,0.00978537109375,0.05966629460453987
142,0.00229287109375,0.06258036941289902
69,0.00728787109375,0.05959498882293701
51,0.00104412109375,0.06209385022521019
124,0.00603912109375,0.06001345068216324
87,0.0035416210937500004,0.06026619300246239
15,0.00853662109375,0.05838280916213989
20,0.0032294335937500004,0.05944523215293884
92,0.00822443359375,0.05974849686026573
128,0.00073193359375,0.08043482899665833
56,0.00572693359375,0.05977422371506691
74,0.00198068359375,0.061290059238672256
146,0.0069756835937500004,0.06014532595872879
110,0.00447818359375,0.06063639745116234
38,0.00947318359375,0.0587288960814476
29,0.00010755859375,0.10946095734834671
101,0.00510255859375,0.06005537137389183
137,0.00260505859375,0.06345200538635254
65,0.00760005859375,0.05958569422364235
47,0.0038538085937500004,0.0597294420003891
119,0.00884880859375,0.05973494425415993
83,0.0013563085937500002,0.06493286043405533
10,0.00635130859375,0.05832624435424805
13,0.00432208984375,0.05847204104065895
85,0.00931708984375,0.05962993577122688
121,0.0018245898437500001,0.06370534747838974
49,0.00681958984375,0.059492968022823334
67,0.0005758398437500001,0.07204364985227585
140,0.00557083984375,0.06015026569366455
103,0.00307333984375,0.06028846651315689
31,0.00806833984375,0.058983806520700455
40,0.00244896484375,0.05991044640541077
112,0.00744396484375,0.05972832068800926
149,0.00494646484375,0.06090359017252922
76,0.009941464843750001,0.05957230553030968
58,0.0036977148437500004,0.059874579310417175
131,0.00869271484375,0.059626996517181396
94,0.00120021484375,0.069444440305233
22,0.00619521484375,0.058858949691057205
17,0.00088802734375,0.060074906796216965
90,0.00588302734375,0.05950600281357765
126,0.0033855273437500004,0.06151088327169418
53,0.00838052734375,0.05944610759615898
72,0.00463427734375,0.059636879712343216
144,0.009629277343750001,0.05929660052061081
108,0.00213677734375,0.062446728348731995
35,0.00713177734375,0.059116680175065994
26,0.00276115234375,0.059650737792253494
99,0.00775615234375,0.059887200593948364
135,0.00026365234375000005,0.15436848998069763
63,0.00525865234375,0.059789422899484634
44,0.0015124023437500002,0.06086200475692749
117,0.00650740234375,0.05965302884578705
81,0.00400990234375,0.060148902237415314
8,0.00900490234375,0.05873692035675049
7,0.00299529296875,0.05835994705557823
80,0.00799029296875,0.0595494881272316
116,0.0004977929687500001,0.08630357682704926
43,0.00549279296875,0.059536539018154144
61,0.0017465429687500002,0.061317894607782364
134,0.00674154296875,0.05968145281076431
98,0.0042440429687499994,0.05989440530538559
25,0.00923904296875,0.058535344898700714
34,0.00112216796875,0.06036622077226639
107,0.00611716796875,0.05972068011760712
143,0.0036196679687500004,0.062160924077034
70,0.00861466796875,0.0593067966401577
52,0.00486841796875,0.05983731523156166
125,0.00986341796875,0.05963748320937157
89,0.00237091796875,0.06268887966871262
16,0.00736591796875,0.0583818145096302
21,0.00205873046875,0.05973818525671959
93,0.00705373046875,0.05976280942559242
129,0.00455623046875,0.060512155294418335
57,0.00955123046875,0.05936301127076149
75,0.0033074804687500004,0.060053467750549316
148,0.00830248046875,0.05969937890768051
111,0.00080998046875,0.0772710070014
39,0.00580498046875,0.05953383073210716
30,0.0039318554687499995,0.059475768357515335
102,0.00892685546875,0.05961918830871582
138,0.0014343554687500002,0.06846176832914352
66,0.00642935546875,0.05977034196257591
48,0.00018560546875,0.1050000786781311
120,0.00518060546875,0.059677544981241226
84,0.00268310546875,0.06081930175423622
12,0.00767810546875,0.05832520127296448
9,0.00034169921875000004,0.06032779812812805
82,0.00533669921875,0.059929680079221725
118,0.00283919921875,0.061840374022722244
46,0.00783419921875,0.059415314346551895
64,0.0040879492187499995,0.05996062606573105
136,0.00908294921875,0.05999235063791275
100,0.0015904492187500002,0.06477773189544678
27,0.00658544921875,0.05901557579636574
37,0.0034635742187500004,0.059795722365379333
109,0.00845857421875,0.05979052558541298
145,0.0009660742187500001,0.10362837463617325
73,0.00596107421875,0.05984974652528763
55,0.00221482421875,0.060152582824230194
127,0.00720982421875,0.05945723503828049
91,0.00471232421875,0.05996948108077049
18,0.00970732421875,0.05840160697698593
14,0.00440013671875,0.05863882973790169
86,0.00939513671875,0.05921649560332298
123,0.0019026367187500001,0.06934656202793121
50,0.00689763671875,0.05945475772023201
68,0.0006538867187500001,0.07888443768024445
141,0.00564888671875,0.05992724373936653
104,0.0031513867187500004,0.06119333580136299
32,0.00814638671875,0.058906443417072296
23,0.0012782617187500002,0.06005479022860527
95,0.00627326171875,0.05983045697212219
132,0.0037757617187500004,0.06142451614141464
59,0.00877076171875,0.05946500971913338
41,0.00252701171875,0.05999792739748955
114,0.00752201171875,0.05918261781334877
77,2.9511718750000004e-05,0.4256365895271301
5,0.00502451171875,0.05861425772309303
5,0.0025172558593750003,0.0584593266248703
77,0.007512255859375,0.05964420735836029
114,1.9755859375e-05,1.090986728668213
41,0.005014755859375,0.05962376669049263
59,0.001268505859375,0.06533440202474594
132,0.006263505859375,0.0598909929394722
96,0.003766005859375,0.06024668738245964
23,0.008761005859375,0.058104973286390305
32,0.0006441308593750001,0.06660576909780502
105,0.005639130859375,0.05990750342607498
141,0.0031416308593750003,0.06201419606804848
68,0.008136630859375,0.059649284929037094
50,0.004390380859375,0.05981484055519104
123,0.009385380859375,0.05961141362786293
86,0.0018928808593750002,0.06390053778886795
14,0.006887880859375,0.058486208319664
19,0.0022050683593750004,0.059651874005794525
91,0.007200068359375,0.05980226397514343
127,0.004702568359375,0.05961451306939125
55,0.009697568359375,0.05931035429239273
73,0.0034538183593750002,0.0600508376955986
145,0.008448818359375,0.06001235917210579
109,0.0009563183593750001,0.08404813706874847
37,0.005951318359375,0.059432316571474075
28,0.004078193359375,0.0594499334692955
100,0.009073193359375,0.059624310582876205
136,0.0015806933593750002,0.07014910131692886
64,0.006575693359375,0.05979210510849953
46,0.00033194335937500004,0.07756724953651428
118,0.005326943359375,0.06003853306174278
82,0.0028294433593750003,0.06003839522600174
9,0.007824443359375,0.05841339752078056
12,0.000175849609375,0.07279016077518463
84,0.005170849609375,0.05989781767129898
120,0.0026733496093750003,0.06210624799132347
48,0.007668349609375,0.059428513050079346
66,0.003922099609375,0.05990517884492874
139,0.008917099609375,0.05959976464509964
102,0.001424599609375,0.06662215292453766
30,0.006419599609375,0.05905260145664215
39,0.0032977246093750003,0.05987938493490219
111,0.008292724609375,0.059724003076553345
148,0.0008002246093750001,0.09608323127031326
75,0.005795224609375,0.05989852547645569
57,0.002048974609375,0.060559194535017014
130,0.007043974609375,0.05992111563682556
93,0.004546474609375,0.06011867895722389
21,0.009541474609375,0.058172713965177536
16,0.004858662109375,0.05859404057264328
89,0.009853662109375,0.05960078164935112
125,0.0023611621093750004,0.06668327748775482
53,0.007356162109375,0.05954271927475929
71,0.001112412109375,0.06651244312524796
143,0.006107412109375,0.05985600873827934
107,0.0036099121093750002,0.06041460856795311
34,0.008604912109375,0.05893782153725624
25,0.0017367871093750002,0.05999377742409706
98,0.006731787109375,0.05963134765625
134,0.004234287109375,0.061093252152204514
62,0.009229287109375,0.059202708303928375
43,0.0029855371093750003,0.059965744614601135
116,0.007980537109375,0.05968499183654785
80,0.0004880371093750001,0.07956036925315857
7,0.005483037109375,0.05838741734623909
8,0.001502646484375,0.05931922793388367
81,0.006497646484375,0.05972683057188988
117,0.004000146484375,0.06090330332517624
45,0.008995146484375001,0.05924554169178009
63,0.0027513964843750003,0.06005198135972023
135,0.007746396484375,0.0593985989689827
99,0.00025389648437500005,0.12048713862895966
26,0.005248896484375,0.05923260375857353
36,0.004624521484375,0.05963999778032303
108,0.009619521484375,0.05940587446093559
144,0.002127021484375,0.0694197341799736
72,0.007122021484375,0.059582412242889404
54,0.0008782714843750001,0.06805333495140076
126,0.0058732714843749995,0.05992497131228447
90,0.0033757714843750002,0.060052767395973206
17,0.008370771484375,0.05844518169760704
22,0.003687958984375,0.05939928814768791
94,0.008682958984375001,0.05942787975072861
131,0.001190458984375,0.0765976533293724
58,0.006185458984375,0.05968727916479111
76,0.0024392089843750004,0.06006341427564621
149,0.007434208984375,0.05973902717232704
113,0.004936708984375,0.05992593988776207
40,0.009931708984375,0.05861561745405197
31,0.000566083984375,0.06631485372781754
103,0.005561083984375,0.059467095881700516
140,0.0030635839843750003,0.06284446269273758
67,0.008058583984375,0.05952698737382889
49,0.004312333984375,0.05979566276073456
122,0.009307333984375001,0.05978373438119888
85,0.0018148339843750002,0.06347403675317764
13,0.006809833984375,0.05845597758889198
11,0.003844052734375,0.05842715874314308
83,0.008839052734375,0.05943700671195984
119,0.001346552734375,0.06936613470315933
47,0.006341552734375,0.05958973988890648
65,9.7802734375e-05,0.16474996507167816
137,0.005092802734375,0.060072530061006546
101,0.0025953027343750003,0.061434753239154816
29,0.007590302734375,0.058966007083654404
38,0.001970927734375,0.05981609225273132
110,0.006965927734375,0.05971377715468407
147,0.004468427734375,0.061331115663051605
74,0.009463427734375,0.05938839912414551
56,0.0032196777343750003,0.0600665844976902
128,0.008214677734375,0.05994388088583946
92,0.0007221777343750001,0.0849536657333374
20,0.0057171777343749995,0.05845010280609131
15,0.001034365234375,0.059960298240184784
88,0.006029365234375,0.059911321848630905
124,0.0035318652343750002,0.0628514289855957
51,0.008526865234375,0.05937438830733299
69,0.004780615234375,0.05975598469376564
142,0.009775615234375,0.059598248451948166
106,0.0022831152343750004,0.06194215640425682
33,0.007278115234375,0.05910536274313927
24,0.0029074902343750003,0.05965248867869377
97,0.007902490234375,0.05978427082300186
133,0.00040999023437500004,0.11721575260162354
60,0.005404990234375,0.05965534225106239
42,0.0016587402343750002,0.06057143956422806
115,0.006653740234375,0.060085371136665344
79,0.004156240234375,0.060053639113903046
6,0.009151240234375,0.058811649680137634
7,0.0008392480468750001,0.05965566635131836
79,0.005834248046875,0.05985668674111366
115,0.003336748046875,0.06152936443686485
43,0.008331748046875,0.05923805758357048
61,0.004585498046875,0.059861280024051666
133,0.009580498046875,0.05965135619044304
97,0.002087998046875,0.06625594198703766
25,0.007082998046875,0.058717451989650726
34,0.002712373046875,0.05989360436797142
106,0.007707373046875,0.05977139249444008
143,0.000214873046875,0.15755881369113922
70,0.005209873046875,0.05963609367609024
52,0.001463623046875,0.06174744665622711
124,0.006458623046875,0.05984233692288399
88,0.003961123046875,0.060100313276052475
16,0.008956123046875,0.058367274701595306
20,0.004273310546875,0.05889976769685745
93,0.009268310546875,0.05953130125999451
129,0.0017758105468750002,0.07257509231567383
56,0.006770810546875,0.05962315946817398
75,0.000527060546875,0.09526246041059494
147,0.005522060546875,0.06001853570342064
111,0.003024560546875,0.0604710653424263
38,0.008019560546875,0.05915149673819542
29,0.002400185546875,0.05983050912618637
102,0.0073951855468750004,0.05977842956781387
138,0.004897685546875,0.06059546023607254
66,0.009892685546875,0.05946541950106621
47,0.0036489355468750004,0.05971948802471161
120,0.008643935546875,0.059403374791145325
84,0.001151435546875,0.06965725868940353
11,0.006146435546875,0.05838862061500549
13,0.003180654296875,0.059047769755125046
86,0.008175654296875,0.05947354808449745
122,0.0006831542968750001,0.10723409801721573
50,0.005678154296875,0.059552691876888275
68,0.0019319042968750002,0.06231411173939705
140,0.006926904296875,0.059700265526771545
104,0.004429404296875,0.06032373011112213
32,0.009424404296875,0.058499980717897415
41,5.8779296875e-05,0.16511277854442596
113,0.005053779296875,0.05986480787396431
149,0.002556279296875,0.06657510250806808
77,0.007551279296875,0.05962121859192848
59,0.0038050292968750004,0.05998493731021881
131,0.008800029296875,0.05947113409638405
95,0.001307529296875,0.07193787395954132
22,0.006302529296875,0.058740030974149704
18,0.0016197167968750002,0.059835709631443024
90,0.006614716796875,0.05953751504421234
127,0.004117216796875,0.06021933630108833
54,0.009112216796875,0.05938754603266716
72,0.002868466796875,0.05980036035180092
145,0.007863466796875,0.060054633766412735
109,0.00037096679687500004,0.10627908259630203
36,0.005365966796875,0.05951746553182602
27,0.004741591796875,0.059361472725868225
100,0.009736591796875001,0.059625908732414246
136,0.002244091796875,0.06733451038599014
63,0.0072390917968750005,0.05964042246341705
45,0.000995341796875,0.06149902939796448
118,0.005990341796875,0.05978702753782272
81,0.0034928417968750004,0.06007728725671768
9,0.008487841796875,0.05849728733301163
8,0.0045074511718749995,0.05837489664554596
80,0.009502451171875,0.05951341241598129
117,0.002009951171875,0.061063941568136215
44,0.007004951171875,0.05940581113100052
62,0.0007612011718750001,0.07252424210309982
135,0.005756201171875,0.05956519395112991
98,0.003258701171875,0.06033243238925934
26,0.008253701171875,0.058338336646556854
35,0.001385576171875,0.05918877571821213
107,0.006380576171875,0.05978093296289444
144,0.0038830761718750004,0.05969158560037613
71,0.008878076171875,0.05953049287199974
53,0.002634326171875,0.05994277819991112
126,0.007629326171875,0.059683993458747864
89,0.000136826171875,0.23523762822151184
17,0.005131826171875,0.05866581201553345
21,0.00044901367187500003,0.06539097428321838
94,0.005444013671875,0.05950484052300453
130,0.002946513671875,0.062233954668045044
58,0.007941513671875,0.05951186269521713
76,0.0041952636718749995,0.05988621711730957
148,0.009190263671875,0.05970802903175354
112,0.0016977636718750002,0.0679648295044899
39,0.006692763671875,0.059393901377916336
30,0.0035708886718750004,0.059580445289611816
103,0.008565888671875,0.05937206372618675
139,0.001073388671875,0.07337629795074463
67,0.006068388671875,0.05960607901215553
49,0.002322138671875,0.06010838970541954
121,0.007317138671875,0.060057494789361954
85,0.004819638671875,0.05999697744846344
12,0.009814638671875,0.05836815759539604
10,0.002166044921875,0.059183552861213684
83,0.007161044921875,0.05959963798522949
119,0.0046635449218749995,0.06014852598309517
46,0.009658544921875,0.05916088819503784
64,0.003414794921875,0.06001899018883705
137,0.008409794921875,0.05977637320756912
101,0.0009172949218750001,0.06703323125839233
28,0.005912294921875,0.05904830992221832
37,0.0040391699218749995,0.05965026095509529
110,0.009034169921875,0.05960981175303459
146,0.001541669921875,0.06727708131074905
73,0.006536669921875,0.059840764850378036
55,0.00029291992187500005,0.09126430004835129
128,0.005287919921875,0.060327716171741486
92,0.002790419921875,0.06131796911358833
19,0.007785419921875,0.05836847051978111
15,0.003102607421875,0.059178248047828674
87,0.008097607421875,0.059768784791231155
123,0.000605107421875,0.1154584139585495
51,0.005600107421875,0.05967910960316658
69,0.0018538574218750002,0.0627540573477745
141,0.006848857421875,0.060025885701179504
105,0.0043513574218749995,0.06019710376858711
33,0.009346357421875,0.05856911465525627
24,0.001229482421875,0.060057632625103
96,0.006224482421875,0.05985969677567482
132,0.0037269824218750004,0.06103391572833061
60,0.008721982421875,0.059525635093450546
42,0.004975732421875,0.059639573097229004
114,0.009970732421875,0.0591951385140419
78,0.002478232421875,0.060571156442165375
5,0.007473232421875,0.05884462222456932
5,0.002497744140625,0.058454256504774094
78,0.007492744140625,0.05969206616282463
114,0.004995244140625,0.05942970886826515
41,0.009990244140625,0.05904257670044899
60,0.0037464941406250003,0.059761326760053635
132,0.008741494140625,0.05973978340625763
96,0.0012489941406250002,0.07308423519134521
23,0.006243994140625,0.058759644627571106
32,0.004370869140625,0.05952722951769829
105,0.009365869140625,0.059648461639881134
141,0.001873369140625,0.07291668653488159
69,0.006868369140625,0.05963938310742378
51,0.000624619140625,0.07450608164072037
123,0.005619619140625,0.06008632108569145
87,0.0031221191406250004,0.06068478897213936
14,0.008117119140625,0.05835970491170883
19,0.002809931640625,0.059532009065151215
91,0.007804931640625,0.059725213795900345
128,0.00031243164062500005,0.16787031292915344
55,0.005307431640625,0.05970755219459534
73,0.0015611816406250001,0.06357844918966293
146,0.0065561816406249996,0.06018609553575516
109,0.004058681640625,0.06068754941225052
37,0.009053681640625,0.058998074382543564
28,0.0009368066406250001,0.06088695302605629
100,0.005931806640625,0.05982966348528862
137,0.0034343066406250003,0.0625956580042839
64,0.008429306640625,0.05962853878736496
46,0.004683056640625,0.05969984084367752
118,0.009678056640625,0.05970713123679161
82,0.002185556640625,0.06068064644932747
10,0.007180556640625,0.058319464325904846
12,0.004839150390625,0.05832768231630325
85,0.009834150390625001,0.05954623967409134
121,0.002341650390625,0.06461504846811295
48,0.007336650390625,0.05948777124285698
66,0.0010929003906250002,0.0652829185128212
139,0.006087900390625,0.05995389074087143
103,0.0035904003906250003,0.0594308041036129
30,0.008585400390625,0.0585203655064106
39,0.001717275390625,0.060331787914037704
112,0.006712275390625,0.05984475836157799
148,0.004214775390625,0.06153010576963425
75,0.009209775390625001,0.05968625470995903
57,0.0029660253906250004,0.05949154868721962
130,0.007961025390625,0.059710677713155746
94,0.00046852539062500003,0.09118258208036423
21,0.005463525390625,0.05867566913366318
17,0.000156337890625,0.07495957612991333
89,0.005151337890625,0.05982562527060509
125,0.002653837890625,0.06399378925561905
53,0.007648837890625,0.059480298310518265
71,0.0039025878906250003,0.06002520024776459
143,0.008897587890625,0.05976882576942444
107,0.0014050878906250001,0.06924999505281448
35,0.006400087890625,0.05917475372552872
26,0.0032782128906250004,0.059649787843227386
98,0.008273212890625,0.059566352516412735
134,0.0007807128906250001,0.09495919942855835
62,0.005775712890625,0.05958615615963936
44,0.002029462890625,0.060088641941547394
116,0.007024462890625,0.059721555560827255
80,0.004526962890625,0.05969526246190071
7,0.009521962890625001,0.058914147317409515
9,0.0035123535156250003,0.05826897174119949
81,0.008507353515625,0.05967555567622185
117,0.0010148535156250002,0.07191257923841476
45,0.006009853515625,0.059532344341278076
63,0.002263603515625,0.06053681671619415
135,0.007258603515625,0.05936074256896973
99,0.004761103515625,0.060091886669397354
27,0.009756103515625,0.05818383768200874
36,0.00039047851562500004,0.07685038447380066
108,0.005385478515625,0.059489816427230835
145,0.0028879785156250004,0.0659351795911789
72,0.007882978515625,0.05957517772912979
54,0.004136728515625,0.0597582645714283
126,0.009131728515625,0.0596601665019989
90,0.0016392285156250001,0.06178982928395271
18,0.006634228515625,0.05840397998690605
22,0.0013270410156250001,0.05998534336686134
95,0.006322041015625,0.059865802526474
131,0.0038245410156250003,0.06185715273022652
58,0.008819541015625,0.059358932077884674
77,0.002575791015625,0.06061863526701927
149,0.007570791015625,0.059969667345285416
113,7.8291015625e-05,0.3118012249469757
40,0.005073291015625,0.05953378230333328
31,0.004448916015625,0.05936301499605179
104,0.009443916015625,0.05971965938806534
140,0.001951416015625,0.07211771607398987
68,0.006946416015625,0.059773869812488556
49,0.0007026660156250001,0.06534060090780258
122,0.005697666015625,0.06041113659739494
86,0.0032001660156250004,0.06010131165385246
13,0.008195166015625,0.058347996324300766
11,0.0011709472656250002,0.059706710278987885
83,0.006165947265625,0.05963641405105591
120,0.0036684472656250003,0.059624310582876205
47,0.008663447265625,0.0593271479010582
65,0.004917197265625,0.05975540727376938
138,0.009912197265625,0.05973029509186745
101,0.002419697265625,0.06347467750310898
29,0.007414697265625,0.05877683311700821
38,0.0030440722656250004,0.059606581926345825
111,0.008039072265625,0.0597354955971241
147,0.000546572265625,0.13620591163635254
74,0.005541572265625,0.059837933629751205
56,0.001795322265625,0.06099628284573555
129,0.006790322265625,0.06001017987728119
92,0.004292822265625,0.060100242495536804
20,0.009287822265625,0.05835706368088722
15,0.003980634765624999,0.05896451696753502
88,0.008975634765625,0.05970976501703262
124,0.0014831347656250001,0.06764636933803558
52,0.006478134765625,0.05958910658955574
70,0.000234384765625,0.11944752186536789
142,0.005229384765625,0.06053641065955162
106,0.002731884765625,0.06194227188825607
34,0.007726884765625,0.05894889310002327
24,0.002107509765625,0.059760551899671555
97,0.007102509765625,0.05985921248793602
133,0.004605009765625,0.06051066517829895
61,0.009600009765625,0.05943985655903816
43,0.0033562597656250004,0.05987919494509697
115,0.008351259765625,0.05977775901556015
79,0.0008587597656250001,0.07490216940641403
6,0.005853759765625,0.05856989324092865
6,0.004175751953125,0.05831823870539665
78,0.009170751953125,0.059666745364665985
115,0.0016782519531250001,0.0655428022146225
42,0.006673251953125,0.05942147225141525
60,0.00042950195312500003,0.08634241670370102
133,0.005424501953125,0.05994335561990738
96,0.002927001953125,0.06235332041978836
24,0.007922001953125,0.05841786786913872
33,0.0023026269531250003,0.05987267568707466
105,0.007297626953125,0.059721481055021286
142,0.004800126953125,0.06056296080350876
69,0.009795126953125,0.05951188504695892
51,0.003551376953125,0.05994942784309387
124,0.008546376953125,0.05975561589002609
87,0.0010538769531250002,0.07564213126897812
15,0.006048876953125,0.058331578969955444
19,0.0007416894531250001,0.06074265390634537
92,0.005736689453125,0.05986318364739418
128,0.003239189453125,0.061206184327602386
56,0.008234189453125,0.0594831258058548
74,0.004487939453125,0.05987804755568504
146,0.009482939453125,0.05985125154256821
110,0.0019904394531250003,0.06932471692562103
37,0.006985439453125,0.05928822234272957
28,0.0026148144531250002,0.05968527868390083
101,0.007609814453125,0.059823837131261826
137,0.000117314453125,0.2924266755580902
65,0.005112314453125,0.05987657979130745
47,0.0013660644531250001,0.0604032464325428
119,0.006361064453125,0.05991189181804657
83,0.003863564453125,0.059701308608055115
10,0.008858564453125,0.058444757014513016
13,0.001834345703125,0.05959616228938103
85,0.006829345703125,0.05979674309492111
121,0.004331845703125,0.06039164587855339
49,0.009326845703125,0.05919217690825462
67,0.003083095703125,0.05994173139333725
139,0.008078095703125,0.05969323217868805
103,0.000585595703125,0.10442449152469635
31,0.005580595703125,0.059163421392440796
40,0.004956220703125,0.05964530631899834
112,0.009951220703125,0.059661079198122025
149,0.0024587207031250002,0.06761530041694641
76,0.007453720703125,0.05973251909017563
58,0.0012099707031250002,0.06273120641708374
130,0.006204970703125,0.060044459998607635
94,0.003707470703125,0.06009914353489876
22,0.008702470703125,0.058318689465522766
17,0.003395283203125,0.05909626558423042
90,0.008390283203125,0.05950251221656799
126,0.0008977832031250001,0.0772927924990654
53,0.005892783203125,0.059635572135448456
71,0.0021465332031250003,0.061827320605516434
144,0.007141533203125,0.05936965346336365
108,0.004644033203125,0.059542104601860046
35,0.009639033203125,0.058590251952409744
26,0.00027340820312500005,0.0766049176454544
99,0.005268408203125,0.060187291353940964
135,0.002770908203125,0.060687776654958725
62,0.007765908203125,0.059364158660173416
44,0.004019658203125,0.05963851511478424
117,0.009014658203125,0.05955494940280914
81,0.0015221582031250001,0.07064304500818253
8,0.006517158203125,0.058356959372758865
7,0.000507548828125,0.059771325439214706
79,0.005502548828125,0.059811029583215714
116,0.003005048828125,0.06173510104417801
43,0.008000048828125,0.05928048491477966
61,0.004253798828125,0.05991280823945999
134,0.009248798828125,0.0596439428627491
98,0.001756298828125,0.06354869902133942
25,0.006751298828125,0.058646440505981445
34,0.003629423828125,0.05977049842476845
107,0.008624423828125,0.0596499890089035
143,0.0011319238281250002,0.07169024646282196
70,0.006126923828125,0.059561580419540405
52,0.0023806738281250002,0.060117125511169434
125,0.007375673828125,0.05977918952703476
88,0.0048781738281249995,0.05993162840604782
16,0.009873173828125,0.058312103152275085
21,0.004565986328125,0.05920005962252617
93,0.009560986328125,0.05969870835542679
129,0.0020684863281250003,0.0676368996500969
57,0.007063486328125,0.05954007804393768
75,0.0008197363281250001,0.07768738269805908
147,0.005814736328125,0.06013679876923561
111,0.003317236328125,0.06117570772767067
39,0.008312236328125,0.05916085094213486
30,0.0014441113281250001,0.05991462618112564
102,0.006439111328125,0.05983380600810051
138,0.003941611328125,0.06122974306344986
66,0.008936611328125,0.05957038700580597
48,0.002692861328125,0.05977505445480347
120,0.007687861328125,0.05940632522106171
84,0.000195361328125,0.16129623353481293
11,0.0051903613281249995,0.058452825993299484
9,0.002848955078125,0.058510955423116684
82,0.007843955078125001,0.05975363031029701
118,0.00035145507812500004,0.11355580389499664
45,0.005346455078125,0.05956195294857025
64,0.0016002050781250001,0.06253499537706375
136,0.006595205078125,0.060256876051425934
100,0.004097705078125,0.06037195026874542
27,0.009092705078125,0.058221518993377686
36,0.0009758300781250001,0.06172104552388191
109,0.005970830078125,0.05995751917362213
145,0.003473330078125,0.06254024058580399
73,0.008468330078125001,0.05967869982123375
54,0.0047220800781249996,0.05974697694182396
127,0.009717080078125,0.059400640428066254
91,0.0022245800781250003,0.06291930377483368
18,0.007219580078125,0.0583949089050293
14,0.001912392578125,0.05951732024550438
86,0.006907392578125,0.059774626046419144
122,0.004409892578125,0.060491159558296204
50,0.009404892578125,0.05927868187427521
68,0.003161142578125,0.06023532897233963
141,0.008156142578125001,0.05977698415517807
104,0.0006636425781250001,0.08743268251419067
32,0.005658642578125,0.05937213823199272
23,0.003785517578125,0.059441257268190384
95,0.008780517578125,0.05974573269486427
132,0.0012880175781250002,0.07377395778894424
59,0.006283017578125,0.05960625782608986
41,3.9267578125e-05,0.2425204962491989
113,0.0050342675781249995,0.05993242561817169
77,0.0025367675781250002,0.061081964522600174
