77,0.005005,0.10038407146930695
113,0.0025075,0.10220631211996078
41,0.0075025000000000005,0.10031531006097794
59,0.0037562500000000005,0.1008068174123764
131,0.00875125,0.10054858773946762
95,0.00125875,0.11291109770536423
23,0.00625375,0.09982029348611832
32,0.003131875,0.10070750117301941
104,0.008126875,0.10064703226089478
140,0.0006343750000000001,0.1352168470621109
68,0.005629375,0.10063820332288742
50,0.0018831250000000003,0.10176992416381836
122,0.006878125,0.1008763313293457
86,0.004380625,0.1008734479546547
14,0.009375625,0.0989314392209053
18,0.0046928125,0.0996948853135109
91,0.0096878125,0.10064772516489029
127,0.0021953125,0.1050356775522232
54,0.0071903125,0.10033631324768066
72,0.0009465625000000001,0.11056066304445267
145,0.0059415625,0.1010480597615242
109,0.0034440625,0.10220522433519363
36,0.0084390625,0.09992694854736328
27,0.0015709375,0.1008637398481369
100,0.0065659375,0.10061413794755936
136,0.0040684375,0.1027989611029625
63,0.0090634375,0.10038480162620544
45,0.0028196875,0.10080361366271973
118,0.0078146875,0.10031265020370483
82,0.00032218750000000005,0.12982195615768433
9,0.0053171875,0.09896333515644073
11,0.00266359375,0.09983723610639572
84,0.0076585937500000005,0.10071048885583878
120,0.00016609375,0.23153862357139587
48,0.00516109375,0.10054504871368408
66,0.00141484375,0.10445301234722137
138,0.00640984375,0.10095151513814926
102,0.00391234375,0.10139705240726471
29,0.00890734375,0.09942349791526794
38,0.00079046875,0.10642804950475693
111,0.00578546875,0.10100508481264114
147,0.00328796875,0.10277797281742096
75,0.00828296875,0.10065192729234695
57,0.00453671875,0.10059595108032227
129,0.00953171875,0.10073371231555939
93,0.0020392187500000002,0.10689066350460052
20,0.00703421875,0.09941507130861282
16,0.00235140625,0.1004943996667862
88,0.00734640625,0.10058582574129105
125,0.00484890625,0.10087553411722183
52,0.00984390625,0.10016179829835892
70,0.00360015625,0.10101129859685898
143,0.00859515625,0.10022896528244019
106,0.0011026562500000001,0.10801491141319275
34,0.00609765625,0.10013891756534576
25,0.00422453125,0.10030728578567505
97,0.00921953125,0.10048091411590576
134,0.00172703125,0.11140790581703186
61,0.00672203125,0.10059047490358353
43,0.0004782812500000001,0.11035355925559998
116,0.00547328125,0.10096479207277298
79,0.00297578125,0.10138605535030365
7,0.00797078125,0.09899740666151047
8,0.003990390625,0.09900477528572083
80,0.008985390625,0.10042263567447662
117,0.001492890625,0.11274271458387375
44,0.006487890625,0.1004355400800705
62,0.00024414062500000005,0.12720470130443573
135,0.005239140625,0.10098767280578613
99,0.002741640625,0.10283391177654266
26,0.007736640625,0.09954769164323807
35,0.0021172656250000002,0.10070938616991043
108,0.007112265625,0.100584976375103
144,0.0046147656249999995,0.10136835277080536
71,0.009609765625,0.1004878357052803
53,0.003366015625,0.10082894563674927
126,0.008361015625,0.10026181489229202
89,0.000868515625,0.10810113698244095
17,0.005863515625,0.0993470847606659
21,0.0011807031250000001,0.10094701498746872
94,0.006175703125,0.10045851767063141
130,0.003678203125,0.101447194814682
58,0.008673203125,0.10046721249818802
76,0.0049269531249999995,0.10072281211614609
148,0.009921953125,0.10067590326070786
112,0.002429453125,0.10217437148094177
40,0.007424453125,0.1003524586558342
31,0.003053828125,0.1004212275147438
103,0.008048828125,0.10065191984176636
139,0.0005563281250000001,0.1440410614013672
67,0.005551328125,0.10055308043956757
49,0.001805078125,0.1015465036034584
121,0.006800078125,0.10089805722236633
85,0.0043025781249999995,0.1010095402598381
12,0.009297578125,0.09884282946586609
10,0.001336796875,0.1003115177154541
83,0.006331796875,0.10050088167190552
119,0.0038342968750000005,0.10157172381877899
46,0.008829296875,0.10027696937322617
65,0.002585546875,0.10123543441295624
137,0.007580546875,0.100797139108181
101,8.8046875e-05,0.3134820759296417
28,0.005083046875,0.10039737820625305
37,0.0044586718749999995,0.10052485764026642
110,0.009453671875,0.10059145838022232
146,0.0019611718750000002,0.11198867112398148
74,0.006956171875,0.10043852031230927
55,0.0007124218750000001,0.1144770011305809
128,0.005707421875,0.10119359940290451
92,0.003209921875,0.10127600282430649
19,0.008204921875,0.09958146512508392
15,0.003522109375,0.0999021902680397
87,0.008517109375,0.10072638094425201
123,0.0010246093750000001,0.1168411523103714
51,0.006019609375,0.10056498646736145
69,0.002273359375,0.10106413066387177
142,0.007268359375,0.1007004827260971
105,0.0047708593749999995,0.10107766091823578
33,0.009765859375,0.09945034980773926
24,0.00040023437500000004,0.10515297204256058
96,0.005395234375,0.10089343041181564
133,0.002897734375,0.10301152616739273
60,0.007892734375,0.10050750523805618
42,0.0041464843749999996,0.10068196058273315
114,0.009141484375,0.10048562288284302
78,0.001648984375,0.10396484285593033
6,0.006643984375,0.09897667169570923
6,0.0033269921875000003,0.09897860139608383
79,0.0083219921875,0.10052528232336044
115,0.0008294921875,0.12341584265232086
42,0.0058244921875,0.1003163754940033
61,0.0020782421875,0.10120714455842972
133,0.0070732421875,0.10058929771184921
97,0.0045757421875,0.1007150188088417
24,0.0095707421875,0.09939350187778473
33,0.0002051171875,0.11113855242729187
106,0.0052001171875,0.10111644864082336
142,0.0027026171875000004,0.1033705621957779
70,0.0076976171875,0.1001960039138794
52,0.0039513671875,0.1006399467587471
124,0.0089463671875,0.10071618109941483
88,0.0014538671875,0.1089843288064003
15,0.0064488671875,0.09916265308856964
20,0.0017660546875,0.10079991072416306
92,0.0067610546875,0.10054541379213333
129,0.0042635546875,0.10146382451057434
56,0.0092585546875,0.1002521812915802
74,0.0030148046875000003,0.10113370418548584
147,0.0080098046875,0.10087154060602188
110,0.0005173046875000001,0.13603545725345612
38,0.0055123046875,0.10025385022163391
29,0.0048879296875,0.10045931488275528
101,0.0098829296875,0.10045459121465683
138,0.0023904296875,0.10686393082141876
65,0.0073854296875,0.10055742412805557
47,0.0011416796875000001,0.10291191190481186
119,0.0061366796874999996,0.10035014152526855
83,0.0036391796875000003,0.10072597861289978
11,0.0086341796875,0.09912911057472229
13,0.0006733984375000001,0.10097204893827438
85,0.0056683984375,0.10072505474090576
122,0.0031708984375000003,0.10167218744754791
49,0.0081658984375,0.10039207339286804
67,0.0044196484375,0.1006445437669754
140,0.009414648437500001,0.10057010501623154
104,0.0019221484375000002,0.10303075611591339
31,0.0069171484375,0.09997203946113586
40,0.0025465234375000004,0.1007162556052208
113,0.0075415234375,0.10044001787900925
149,4.90234375e-05,0.41495823860168457
76,0.0050440234375,0.10076909512281418
58,0.0012977734375,0.10279840975999832
131,0.0062927734375,0.1009671539068222
95,0.0037952734375000003,0.10082477331161499
22,0.008790273437500001,0.09926173835992813
18,0.0041074609375,0.0999235287308693
90,0.009102460937500001,0.10054419934749603
126,0.0016099609375,0.11034317314624786
54,0.0066049609375,0.10049724578857422
72,0.00036121093750000004,0.12805990874767303
144,0.0053562109375,0.1006416380405426
108,0.0028587109375000004,0.10252618044614792
36,0.0078537109375,0.10001372545957565
27,0.0022343359375,0.10065650194883347
99,0.0072293359375,0.10070010274648666
135,0.0047318359375,0.10130780935287476
63,0.009726835937500001,0.10034634172916412
45,0.0034830859375000003,0.1006411537528038
117,0.0084780859375,0.10071415454149246
81,0.0009855859375000001,0.11466041207313538
8,0.0059805859375,0.09885251522064209
7,0.0020001953125,0.09942413866519928
80,0.0069951953125,0.10044857859611511
116,0.0044976953125,0.10095188021659851
44,0.0094926953125,0.09997386485338211
62,0.0032489453125000003,0.10111790895462036
134,0.0082439453125,0.10015754401683807
98,0.0007514453125,0.11718355119228363
25,0.0057464453125,0.09985674172639847
35,0.0038733203125000002,0.10049549490213394
107,0.0088683203125,0.10045268386602402
143,0.0013758203125,0.12565551698207855
71,0.0063708203125,0.1005539819598198
53,0.0001270703125,0.1576092690229416
125,0.0051220703125,0.10079465806484222
89,0.0026245703125000004,0.10286540538072586
16,0.0076195703125,0.09910378605127335
21,0.0029367578125000003,0.10048266500234604
93,0.0079317578125,0.10046783089637756
130,0.00043925781250000003,0.13272230327129364
57,0.0054342578125,0.10045482218265533
75,0.0016880078125,0.10168986022472382
148,0.0066830078125,0.10101056098937988
112,0.0041855078125,0.10090293735265732
39,0.0091805078125,0.09968464821577072
30,0.0010636328125000001,0.10155585408210754
102,0.0060586328125,0.10042855143547058
139,0.0035611328125000003,0.10297579318284988
66,0.0085561328125,0.10061002522706985
48,0.0048098828125,0.10055826604366302
121,0.0098048828125,0.10069986432790756
84,0.0023123828125,0.10313988476991653
12,0.0073073828125,0.09890041500329971
10,0.0046537890625,0.09909536689519882
82,0.0096487890625,0.10046520084142685
118,0.0021562890625,0.10685863345861435
46,0.0071512890625,0.10047028213739395
64,0.0009075390625,0.10516703128814697
136,0.0059025390625,0.10099188983440399
100,0.0034050390625000003,0.10258124768733978
28,0.0084000390625,0.09956441819667816
37,0.0015319140625,0.10144943743944168
109,0.0065269140625,0.10086344182491302
146,0.0040294140625,0.10135520994663239
73,0.0090244140625,0.1005505695939064
55,0.0027806640625000004,0.10100255906581879
127,0.0077756640625,0.10067081451416016
91,0.00028316406250000005,0.16761872172355652
19,0.0052781640625,0.0998794361948967
14,0.0005953515625000001,0.1013312041759491
87,0.0055903515625,0.10072501748800278
123,0.0030928515625000003,0.10335434973239899
50,0.0080878515625,0.10042619705200195
69,0.0043416015625,0.10073234885931015
141,0.0093366015625,0.10046619921922684
105,0.0018441015625,0.10434535890817642
32,0.0068391015625,0.09995303303003311
23,0.0037172265625000003,0.10049746930599213
96,0.0087122265625,0.10057999193668365
132,0.0012197265625,0.11088619381189346
59,0.0062147265625,0.10058566182851791
41,0.0024684765625,0.10088793933391571
114,0.0074634765625,0.10053732246160507
78,0.0049659765625,0.10072941333055496
5,0.0099609765625,0.09937005490064621
5,0.00498548828125,0.09893744438886642
78,0.00998048828125,0.10059833526611328
114,0.0024879882812500003,0.10340805351734161
42,0.00748298828125,0.10037360340356827
60,0.00123923828125,0.10554766654968262
132,0.00623423828125,0.10063934326171875
96,0.00373673828125,0.10097867250442505
23,0.00873173828125,0.09953241050243378
33,0.0018636132812500001,0.10091640055179596
105,0.00685861328125,0.1007184237241745
141,0.00436111328125,0.1020660549402237
69,0.00935611328125,0.10040447860956192
51,0.0031123632812500002,0.10074357688426971
123,0.00810736328125,0.10058669000864029
87,0.0006148632812500001,0.12464825063943863
14,0.0056098632812499995,0.09922946989536285
19,0.00030267578125000005,0.10621774196624756
91,0.0052976757812499995,0.10057798773050308
128,0.0028001757812500003,0.10347944498062134
55,0.00779517578125,0.10049013048410416
73,0.00404892578125,0.10096409171819687
146,0.00904392578125,0.10088924318552017
110,0.0015514257812500002,0.10970406234264374
37,0.00654642578125,0.1003914549946785
28,0.00342455078125,0.10059614479541779
101,0.00841955078125,0.1004641205072403
137,0.00092705078125,0.10984019935131073
64,0.00592205078125,0.10070914030075073
46,0.0021758007812500003,0.10086731612682343
119,0.00717080078125,0.10034951567649841
82,0.00467330078125,0.1004951223731041
10,0.00966830078125,0.09894689172506332
12,0.0023318945312500003,0.10030196607112885
85,0.00732689453125,0.10055916011333466
121,0.00482939453125,0.10118783265352249
48,0.00982439453125,0.10023780167102814
67,0.00358064453125,0.10079466551542282
139,0.008575644531250001,0.10062012821435928
103,0.00108314453125,0.11628870666027069
30,0.00607814453125,0.10025957226753235
39,0.00420501953125,0.10062824189662933
112,0.00920001953125,0.10040491074323654
148,0.0017075195312500002,0.1148722693324089
76,0.00670251953125,0.10052027553319931
57,0.00045876953125000003,0.12305434048175812
130,0.0054537695312499995,0.10123331844806671
94,0.0029562695312500002,0.10236268490552902
21,0.00795126953125,0.09952856600284576
17,0.0026440820312500003,0.10041435062885284
89,0.00763908203125,0.10049013793468475
125,0.00014658203125,0.26273107528686523
53,0.0051415820312499996,0.10069109499454498
71,0.0013953320312500002,0.10547895729541779
144,0.00639033203125,0.10084489732980728
107,0.00389283203125,0.10110655426979065
35,0.008887832031250001,0.09969913214445114
26,0.00077095703125,0.10257595777511597
98,0.00576595703125,0.10089591145515442
134,0.00326845703125,0.10244980454444885
62,0.008263457031250001,0.10004555433988571
44,0.00451720703125,0.10047709941864014
116,0.00951220703125,0.10056614130735397
80,0.0020197070312500003,0.10230245441198349
8,0.00701470703125,0.09887519478797913
9,0.00100509765625,0.1006307378411293
81,0.00600009765625,0.10057936608791351
117,0.00350259765625,0.10241369158029556
45,0.00849759765625,0.10032264143228531
63,0.00475134765625,0.1006588563323021
136,0.00974634765625,0.10084624588489532
99,0.0022538476562500003,0.10091234743595123
27,0.00724884765625,0.09977100044488907
36,0.0028782226562500002,0.10070795565843582
108,0.00787322265625,0.10041559487581253
145,0.00038072265625000004,0.17033694684505463
72,0.00537572265625,0.10044530779123306
54,0.0016294726562500002,0.1016860380768776
127,0.00662447265625,0.10056941211223602
90,0.00412697265625,0.10088080167770386
18,0.00912197265625,0.09908796846866608
22,0.00381478515625,0.10039157420396805
95,0.00880978515625,0.10065723210573196
131,0.0013172851562500002,0.1138278916478157
59,0.00631228515625,0.10066685080528259
77,6.853515625e-05,0.33660760521888733
149,0.00506353515625,0.10165000706911087
113,0.0025660351562500003,0.10275217890739441
40,0.00756103515625,0.10023710131645203
31,0.0019416601562500001,0.10092237591743469
104,0.00693666015625,0.10076796263456345
140,0.00443916015625,0.1015435978770256
68,0.00943416015625,0.10056634247303009
50,0.00319041015625,0.10082244873046875
122,0.00818541015625,0.10066419839859009
86,0.0006929101562500001,0.11232268810272217
13,0.00568791015625,0.09911029785871506
11,0.00365869140625,0.09965947270393372
84,0.00865369140625,0.10062175244092941
120,0.00116119140625,0.10763068497180939
47,0.00615619140625,0.10052831470966339
65,0.0024099414062500003,0.10117891430854797
138,0.00740494140625,0.10092953592538834
102,0.00490744140625,0.10069679468870163
29,0.00990244140625,0.09937478601932526
38,0.0005368164062500001,0.10306457430124283
111,0.00553181640625,0.10072604566812515
147,0.0030343164062500002,0.1028989776968956
74,0.00802931640625,0.10050133615732193
56,0.00428306640625,0.10071765631437302
129,0.00927806640625,0.10074479132890701
93,0.0017855664062500002,0.10823675245046616
20,0.00678056640625,0.09946263581514359
16,0.0014733789062500002,0.1007164716720581
88,0.00646837890625,0.1006617620587349
124,0.00397087890625,0.10274576395750046
52,0.00896587890625,0.10027013719081879
70,0.0027221289062500003,0.10078111290931702
142,0.00771712890625,0.10044640302658081
106,0.00022462890625,0.14273270964622498
34,0.00521962890625,0.10041675716638565
25,0.00459525390625,0.10014994442462921
97,0.00959025390625,0.1004752442240715
133,0.0020977539062500003,0.10325966030359268
61,0.00709275390625,0.10056178271770477
43,0.00084900390625,0.10371506959199905
115,0.00584400390625,0.10083582252264023
79,0.00334650390625,0.10101867467164993
6,0.00834150390625,0.09899779409170151
6,0.0016684960937500002,0.09964414685964584
78,0.00666349609375,0.1006743460893631
115,0.00416599609375,0.10148580372333527
42,0.00916099609375,0.09999586641788483
60,0.00291724609375,0.10049940645694733
133,0.00791224609375,0.10059087723493576
97,0.00041974609375000003,0.12781010568141937
24,0.00541474609375,0.09989938884973526
33,0.00479037109375,0.10039007663726807
106,0.00978537109375,0.1003924310207367
142,0.00229287109375,0.10919122397899628
69,0.00728787109375,0.10053148865699768
51,0.00104412109375,0.1035955399274826
124,0.00603912109375,0.10110801458358765
87,0.0035416210937500004,0.10063657909631729
15,0.00853662109375,0.09897492080926895
20,0.0032294335937500004,0.10048709809780121
92,0.00822443359375,0.1005135327577591
128,0.00073193359375,0.11493939161300659
56,0.00572693359375,0.10069975256919861
74,0.00198068359375,0.1016547903418541
146,0.0069756835937500004,0.10065580159425735
110,0.00447818359375,0.10153750330209732
38,0.00947318359375,0.0999365970492363
29,0.00010755859375,0.1432877779006958
101,0.00510255859375,0.10098996758460999
137,0.00260505859375,0.10337287187576294
65,0.00760005859375,0.1005496233701706
47,0.0038538085937500004,0.1005961000919342
119,0.00884880859375,0.10027070343494415
83,0.0013563085937500002,0.10410349071025848
10,0.00635130859375,0.09892142564058304
13,0.00432208984375,0.0993824303150177
85,0.00931708984375,0.10049931704998016
121,0.0018245898437500001,0.10790347307920456
49,0.00681958984375,0.10042945295572281
67,0.0005758398437500001,0.12696301937103271
140,0.00557083984375,0.10099032521247864
103,0.00307333984375,0.10209640115499496
31,0.00806833984375,0.09966327995061874
40,0.00244896484375,0.10064000636339188
112,0.00744396484375,0.10044810175895691
149,0.00494646484375,0.10095629841089249
76,0.009941464843750001,0.1005067378282547
58,0.0036977148437500004,0.10057200491428375
131,0.00869271484375,0.10056883841753006
94,0.00120021484375,0.10629473626613617
22,0.00619521484375,0.09962679445743561
17,0.00088802734375,0.10085061937570572
90,0.00588302734375,0.10042078793048859
126,0.0033855273437500004,0.10153704136610031
53,0.00838052734375,0.1002773642539978
72,0.00463427734375,0.10069137066602707
144,0.009629277343750001,0.10056537389755249
108,0.00213677734375,0.10449882596731186
35,0.00713177734375,0.09995601326227188
26,0.00276115234375,0.10066094249486923
99,0.00775615234375,0.10065297037363052
135,0.00026365234375000005,0.1449824720621109
63,0.00525865234375,0.1006007120013237
44,0.0015124023437500002,0.10232516378164291
117,0.00650740234375,0.10077045112848282
81,0.00400990234375,0.10102881491184235
8,0.00900490234375,0.09899899363517761
7,0.00299529296875,0.09913304448127747
80,0.00799029296875,0.10048741102218628
116,0.0004977929687500001,0.13666635751724243
43,0.00549279296875,0.10056234896183014
61,0.0017465429687500002,0.103636234998703
134,0.00674154296875,0.10035242140293121
98,0.0042440429687499994,0.10101669281721115
25,0.00923904296875,0.0992865338921547
34,0.00112216796875,0.10229328274726868
107,0.00611716796875,0.10070347785949707
143,0.0036196679687500004,0.10307557135820389
70,0.00861466796875,0.10045436769723892
52,0.00486841796875,0.10069304704666138
125,0.00986341796875,0.10025624930858612
89,0.00237091796875,0.10487206280231476
16,0.00736591796875,0.09916394203901291
21,0.00205873046875,0.10068763047456741
93,0.00705373046875,0.10039723664522171
129,0.00455623046875,0.10102313756942749
57,0.00955123046875,0.10021550953388214
75,0.0033074804687500004,0.10077633708715439
148,0.00830248046875,0.10084734112024307
111,0.00080998046875,0.12061203271150589
39,0.00580498046875,0.10054264217615128
30,0.0039318554687499995,0.10057172179222107
102,0.00892685546875,0.10037320107221603
138,0.0014343554687500002,0.12079139053821564
66,0.00642935546875,0.10062199831008911
48,0.00018560546875,0.14043262600898743
120,0.00518060546875,0.10072651505470276
84,0.00268310546875,0.10143151879310608
12,0.00767810546875,0.09888729453086853
9,0.00034169921875000004,0.10177017003297806
82,0.00533669921875,0.10062515735626221
118,0.00283919921875,0.10360187292098999
46,0.00783419921875,0.1003904789686203
64,0.0040879492187499995,0.1007869765162468
136,0.00908294921875,0.10085862874984741
100,0.0015904492187500002,0.10238368064165115
27,0.00658544921875,0.0998402014374733
37,0.0034635742187500004,0.10068325698375702
109,0.00845857421875,0.10069706290960312
145,0.0009660742187500001,0.1217343881726265
73,0.00596107421875,0.10067871958017349
55,0.00221482421875,0.10112541913986206
127,0.00720982421875,0.10072232037782669
91,0.00471232421875,0.10091119259595871
18,0.00970732421875,0.09905324876308441
14,0.00440013671875,0.09941687434911728
86,0.00939513671875,0.10028492659330368
123,0.0019026367187500001,0.10620217770338058
50,0.00689763671875,0.10049664974212646
68,0.0006538867187500001,0.11042377352714539
141,0.00564888671875,0.10085085034370422
104,0.0031513867187500004,0.10129070281982422
32,0.00814638671875,0.09958589822053909
23,0.0012782617187500002,0.10083305090665817
95,0.00627326171875,0.1007797047495842
132,0.0037757617187500004,0.10118215531110764
59,0.00877076171875,0.10047001391649246
41,0.00252701171875,0.1007748544216156
114,0.00752201171875,0.1005014106631279
77,2.9511718750000004e-05,0.31015467643737793
5,0.00502451171875,0.09894198924303055
5,0.0025172558593750003,0.0990343987941742
77,0.007512255859375,0.10022446513175964
114,1.9755859375e-05,0.8683474063873291
41,0.005014755859375,0.10053353011608124
59,0.001268505859375,0.10794674605131149
132,0.006263505859375,0.10088930279016495
96,0.003766005859375,0.10120835155248642
23,0.008761005859375,0.09949566423892975
32,0.0006441308593750001,0.10398262739181519
105,0.005639130859375,0.10084262490272522
141,0.0031416308593750003,0.10440666228532791
68,0.008136630859375,0.10041417926549911
50,0.004390380859375,0.10056900233030319
123,0.009385380859375,0.1006273403763771
86,0.0018928808593750002,0.10439443588256836
14,0.006887880859375,0.09908513724803925
19,0.0022050683593750004,0.10030411928892136
91,0.007200068359375,0.10079561918973923
127,0.004702568359375,0.10071101039648056
55,0.009697568359375,0.10027825832366943
73,0.0034538183593750002,0.10108309239149094
145,0.008448818359375,0.10078246146440506
109,0.0009563183593750001,0.12529243528842926
37,0.005951318359375,0.1004098579287529
28,0.004078193359375,0.10052775591611862
100,0.009073193359375,0.10061713308095932
136,0.0015806933593750002,0.11022406071424484
64,0.006575693359375,0.10070808231830597
46,0.00033194335937500004,0.11357662826776505
118,0.005326943359375,0.10092703253030777
82,0.0028294433593750003,0.10160791873931885
9,0.007824443359375,0.09893213957548141
12,0.000175849609375,0.104881152510643
84,0.005170849609375,0.10069338977336884
120,0.0026733496093750003,0.10164325684309006
48,0.007668349609375,0.10044553875923157
66,0.003922099609375,0.1008610799908638
139,0.008917099609375,0.10067375749349594
102,0.001424599609375,0.1080947145819664
30,0.006419599609375,0.09986255317926407
39,0.0032977246093750003,0.10064856708049774
111,0.008292724609375,0.10073324292898178
148,0.0008002246093750001,0.12674260139465332
75,0.005795224609375,0.10082145035266876
57,0.002048974609375,0.10178429633378983
130,0.007043974609375,0.10080543905496597
93,0.004546474609375,0.10070762783288956
21,0.009541474609375,0.09939292073249817
16,0.004858662109375,0.09950387477874756
89,0.009853662109375,0.1003839373588562
125,0.0023611621093750004,0.10379885137081146
53,0.007356162109375,0.10027973353862762
71,0.001112412109375,0.109092116355896
143,0.006107412109375,0.10059348493814468
107,0.0036099121093750002,0.10142789781093597
34,0.008604912109375,0.09968356788158417
25,0.0017367871093750002,0.10080372542142868
98,0.006731787109375,0.10002538561820984
134,0.004234287109375,0.10177857428789139
62,0.009229287109375,0.10005967319011688
43,0.0029855371093750003,0.10080689936876297
116,0.007980537109375,0.1005815863609314
80,0.0004880371093750001,0.13193680346012115
7,0.005483037109375,0.09887181222438812
8,0.001502646484375,0.10023236274719238
81,0.006497646484375,0.10068041831254959
117,0.004000146484375,0.1012672409415245
45,0.008995146484375001,0.0999579131603241
63,0.0027513964843750003,0.10094223916530609
135,0.007746396484375,0.10069917887449265
99,0.00025389648437500005,0.161460742354393
26,0.005248896484375,0.09983093291521072
36,0.004624521484375,0.10059055685997009
108,0.009619521484375,0.10060346126556396
144,0.002127021484375,0.10830710083246231
72,0.007122021484375,0.10052306205034256
54,0.0008782714843750001,0.10863251239061356
126,0.0058732714843749995,0.10063377767801285
90,0.0033757714843750002,0.100899338722229
17,0.008370771484375,0.09905529022216797
22,0.003687958984375,0.10042466223239899
94,0.008682958984375001,0.10055622458457947
131,0.001190458984375,0.10658417642116547
58,0.006185458984375,0.10055794566869736
76,0.0024392089843750004,0.10205073654651642
149,0.007434208984375,0.10072451084852219
113,0.004936708984375,0.10072994232177734
40,0.009931708984375,0.09997451305389404
31,0.000566083984375,0.1094929650425911
103,0.005561083984375,0.10072732716798782
140,0.0030635839843750003,0.10259225219488144
67,0.008058583984375,0.1004592627286911
49,0.004312333984375,0.10037350654602051
122,0.009307333984375001,0.10067938268184662
85,0.0018148339843750002,0.10423897206783295
13,0.006809833984375,0.0989808663725853
11,0.003844052734375,0.09957937896251678
83,0.008839052734375,0.10015961527824402
119,0.001346552734375,0.10987295210361481
47,0.006341552734375,0.10050228238105774
65,9.7802734375e-05,0.2051766961812973
137,0.005092802734375,0.10125340521335602
101,0.0025953027343750003,0.10390802472829819
29,0.007590302734375,0.09965863078832626
38,0.001970927734375,0.1007039025425911
110,0.006965927734375,0.10085402429103851
147,0.004468427734375,0.10219750553369522
74,0.009463427734375,0.10042871534824371
56,0.0032196777343750003,0.10095759481191635
128,0.008214677734375,0.10086575895547867
92,0.0007221777343750001,0.11886691302061081
20,0.0057171777343749995,0.09958165138959885
15,0.001034365234375,0.10083397477865219
88,0.006029365234375,0.10071030259132385
124,0.0035318652343750002,0.10248355567455292
51,0.008526865234375,0.10036782175302505
69,0.004780615234375,0.10055773705244064
142,0.009775615234375,0.10029521584510803
106,0.0022831152343750004,0.1042875424027443
33,0.007278115234375,0.10007147490978241
24,0.0029074902343750003,0.10060540586709976
97,0.007902490234375,0.10055682063102722
133,0.00040999023437500004,0.17686928808689117
60,0.005404990234375,0.10059873759746552
42,0.0016587402343750002,0.101499542593956
115,0.006653740234375,0.10084173083305359
79,0.004156240234375,0.10071063041687012
6,0.009151240234375,0.09905578941106796
7,0.0008392480468750001,0.10055088251829147
79,0.005834248046875,0.10060080885887146
115,0.003336748046875,0.10141883790493011
43,0.008331748046875,0.10031314194202423
61,0.004585498046875,0.1007399782538414
133,0.009580498046875,0.10027631372213364
97,0.002087998046875,0.10366708040237427
25,0.007082998046875,0.09949789196252823
34,0.002712373046875,0.10065880417823792
106,0.007707373046875,0.10067455470561981
143,0.000214873046875,0.22015248239040375
70,0.005209873046875,0.10039462894201279
52,0.001463623046875,0.10112152248620987
124,0.006458623046875,0.1007850244641304
88,0.003961123046875,0.10118792951107025
16,0.008956123046875,0.09900502860546112
20,0.004273310546875,0.10019908845424652
93,0.009268310546875,0.10045794397592545
129,0.0017758105468750002,0.10617493838071823
56,0.006770810546875,0.1005074754357338
75,0.000527060546875,0.12995567917823792
147,0.005522060546875,0.10149136930704117
111,0.003024560546875,0.10237681120634079
38,0.008019560546875,0.10009478777647018
29,0.002400185546875,0.10071327537298203
102,0.0073951855468750004,0.10044125467538834
138,0.004897685546875,0.10225103795528412
66,0.009892685546875,0.10050588846206665
47,0.0036489355468750004,0.10051700472831726
120,0.008643935546875,0.10057660192251205
84,0.001151435546875,0.11032839864492416
11,0.006146435546875,0.09930995851755142
13,0.003180654296875,0.0996127650141716
86,0.008175654296875,0.1002575159072876
122,0.0006831542968750001,0.1275593638420105
50,0.005678154296875,0.10056200623512268
68,0.0019319042968750002,0.1018107458949089
140,0.006926904296875,0.100540392100811
104,0.004429404296875,0.10121817886829376
32,0.009424404296875,0.09944228082895279
41,5.8779296875e-05,0.2365190088748932
113,0.005053779296875,0.10056137293577194
149,0.002556279296875,0.10777413100004196
77,0.007551279296875,0.10022905468940735
59,0.0038050292968750004,0.10073801875114441
131,0.008800029296875,0.10051873326301575
95,0.001307529296875,0.1083216518163681
22,0.006302529296875,0.09962507337331772
18,0.0016197167968750002,0.10067033022642136
90,0.006614716796875,0.10053928196430206
127,0.004117216796875,0.10203496366739273
54,0.009112216796875,0.10042199492454529
72,0.002868466796875,0.10093114525079727
145,0.007863466796875,0.10082138329744339
109,0.00037096679687500004,0.13965216279029846
36,0.005365966796875,0.10052966326475143
27,0.004741591796875,0.10041739046573639
100,0.009736591796875001,0.10061319172382355
136,0.002244091796875,0.10331453382968903
63,0.0072390917968750005,0.10050344467163086
45,0.000995341796875,0.1027732565999031
118,0.005990341796875,0.10079987347126007
81,0.0034928417968750004,0.10129378736019135
9,0.008487841796875,0.09897150099277496
8,0.0045074511718749995,0.09893766790628433
80,0.009502451171875,0.10056222230195999
117,0.002009951171875,0.10397563129663467
44,0.007004951171875,0.10043270140886307
62,0.0007612011718750001,0.11255613714456558
135,0.005756201171875,0.10096457600593567
98,0.003258701171875,0.10143663734197617
26,0.008253701171875,0.09955078363418579
35,0.001385576171875,0.10118363797664642
107,0.006380576171875,0.10053007304668427
144,0.0038830761718750004,0.10260290652513504
71,0.008878076171875,0.10053593665361404
53,0.002634326171875,0.10089047998189926
126,0.007629326171875,0.10032045096158981
89,0.000136826171875,0.21876607835292816
17,0.005131826171875,0.09948776662349701
21,0.00044901367187500003,0.10398309677839279
94,0.005444013671875,0.10077306628227234
130,0.002946513671875,0.10443660616874695
58,0.007941513671875,0.10050711035728455
76,0.0041952636718749995,0.1008935496211052
148,0.009190263671875,0.10063778609037399
112,0.0016977636718750002,0.1077725738286972
39,0.006692763671875,0.10042858868837357
30,0.0035708886718750004,0.10061834007501602
103,0.008565888671875,0.10065977275371552
139,0.001073388671875,0.11424612998962402
67,0.006068388671875,0.1005726233124733
49,0.002322138671875,0.10087144374847412
121,0.007317138671875,0.10092958062887192
85,0.004819638671875,0.10083579272031784
12,0.009814638671875,0.0988461896777153
10,0.002166044921875,0.09988010674715042
83,0.007161044921875,0.10050326585769653
119,0.0046635449218749995,0.10100078582763672
46,0.009658544921875,0.10017906129360199
64,0.003414794921875,0.10093048959970474
137,0.008409794921875,0.1008739247918129
101,0.0009172949218750001,0.1180543527007103
28,0.005912294921875,0.09998857975006104
37,0.0040391699218749995,0.10063042491674423
110,0.009034169921875,0.10059365630149841
146,0.001541669921875,0.1116509735584259
73,0.006536669921875,0.10070541501045227
55,0.00029291992187500005,0.1389859914779663
128,0.005287919921875,0.1009388417005539
92,0.002790419921875,0.10149949789047241
19,0.007785419921875,0.09959504008293152
15,0.003102607421875,0.10022526979446411
87,0.008097607421875,0.10073789954185486
123,0.000605107421875,0.14294463396072388
51,0.005600107421875,0.10058572143316269
69,0.0018538574218750002,0.10139530152082443
141,0.006848857421875,0.10103709995746613
105,0.0043513574218749995,0.10086734592914581
33,0.009346357421875,0.0994708314538002
24,0.001229482421875,0.10088379681110382
96,0.006224482421875,0.10052061080932617
132,0.0037269824218750004,0.10148445516824722
60,0.008721982421875,0.1004936620593071
42,0.004975732421875,0.10060885548591614
114,0.009970732421875,0.10046248137950897
78,0.002478232421875,0.10213135182857513
5,0.007473232421875,0.09894604235887527
5,0.002497744140625,0.09904863685369492
78,0.007492744140625,0.1006411463022232
114,0.004995244140625,0.10059209913015366
41,0.009990244140625,0.09992994368076324
60,0.0037464941406250003,0.10073801130056381
132,0.008741494140625,0.10040691494941711
96,0.0012489941406250002,0.11724059283733368
23,0.006243994140625,0.09965068101882935
32,0.004370869140625,0.10057799518108368
105,0.009365869140625,0.10054738074541092
141,0.001873369140625,0.10702020674943924
69,0.006868369140625,0.10055048018693924
51,0.000624619140625,0.10813634097576141
123,0.005619619140625,0.10112404823303223
87,0.0031221191406250004,0.10140322148799896
14,0.008117119140625,0.09898511320352554
19,0.002809931640625,0.10052569210529327
91,0.007804931640625,0.10080976784229279
128,0.00031243164062500005,0.16870316863059998
55,0.005307431640625,0.10061393678188324
73,0.0015611816406250001,0.10328999906778336
146,0.0065561816406249996,0.1013021394610405
109,0.004058681640625,0.10118446499109268
37,0.009053681640625,0.09977121651172638
28,0.0009368066406250001,0.10216832160949707
100,0.005931806640625,0.10088511556386948
137,0.0034343066406250003,0.1038752943277359
64,0.008429306640625,0.10057427734136581
46,0.004683056640625,0.1005328819155693
118,0.009678056640625,0.10035102069377899
82,0.002185556640625,0.1024189442396164
10,0.007180556640625,0.09888864308595657
12,0.004839150390625,0.09918031841516495
85,0.009834150390625001,0.10049211978912354
121,0.002341650390625,0.10290618240833282
48,0.007336650390625,0.10044395178556442
66,0.0010929003906250002,0.1098407655954361
139,0.006087900390625,0.10112988948822021
103,0.0035904003906250003,0.1014728993177414
30,0.008585400390625,0.09965160489082336
39,0.001717275390625,0.1011197492480278
112,0.006712275390625,0.10057923197746277
148,0.004214775390625,0.10157854855060577
75,0.009209775390625001,0.10060060024261475
57,0.0029660253906250004,0.10068492591381073
130,0.007961025390625,0.10075198858976364
94,0.00046852539062500003,0.12428560107946396
21,0.005463525390625,0.09988408535718918
17,0.000156337890625,0.11330552399158478
89,0.005151337890625,0.10065549612045288
125,0.002653837890625,0.10504402965307236
53,0.007648837890625,0.10056430101394653
71,0.0039025878906250003,0.10083665698766708
143,0.008897587890625,0.10017477720975876
107,0.0014050878906250001,0.1088361069560051
35,0.006400087890625,0.09994187206029892
26,0.0032782128906250004,0.10058895498514175
98,0.008273212890625,0.10003532469272614
134,0.0007807128906250001,0.11906822770833969
62,0.005775712890625,0.10053199529647827
44,0.002029462890625,0.10048741102218628
116,0.007024462890625,0.10089072585105896
80,0.004526962890625,0.10038171708583832
7,0.009521962890625001,0.0989331528544426
9,0.0035123535156250003,0.09919952601194382
81,0.008507353515625,0.10061346739530563
117,0.0010148535156250002,0.11490831524133682
45,0.006009853515625,0.10054665803909302
63,0.002263603515625,0.10147316008806229
135,0.007258603515625,0.10034429281949997
99,0.004761103515625,0.10089891403913498
27,0.009756103515625,0.09946049749851227
36,0.00039047851562500004,0.11214504390954971
108,0.005385478515625,0.10068188607692719
145,0.0028879785156250004,0.10498199611902237
72,0.007882978515625,0.10050694644451141
54,0.004136728515625,0.10061558336019516
126,0.009131728515625,0.10028020292520523
90,0.0016392285156250001,0.1069667786359787
18,0.006634228515625,0.09932690113782883
22,0.0013270410156250001,0.10084113478660583
95,0.006322041015625,0.1007428839802742
131,0.0038245410156250003,0.10173610597848892
58,0.008819541015625,0.10045858472585678
77,0.002575791015625,0.10158546268939972
149,0.007570791015625,0.10095640271902084
113,7.8291015625e-05,0.4617844521999359
40,0.005073291015625,0.10054457187652588
31,0.004448916015625,0.10034482181072235
104,0.009443916015625,0.1006464809179306
140,0.001951416015625,0.10575226694345474
68,0.006946416015625,0.10071881115436554
49,0.0007026660156250001,0.10607071220874786
122,0.005697666015625,0.10092304646968842
86,0.0032001660156250004,0.10097187757492065
13,0.008195166015625,0.09887521713972092
11,0.0011709472656250002,0.10067430138587952
83,0.006165947265625,0.10043594986200333
120,0.0036684472656250003,0.10234946012496948
47,0.008663447265625,0.10032106935977936
65,0.004917197265625,0.10057000815868378
138,0.009912197265625,0.10068907588720322
101,0.002419697265625,0.10370627790689468
29,0.007414697265625,0.09963446110486984
38,0.0030440722656250004,0.10062146186828613
111,0.008039072265625,0.10072700679302216
147,0.000546572265625,0.13296063244342804
74,0.005541572265625,0.10058853030204773
56,0.001795322265625,0.10217079520225525
129,0.006790322265625,0.10069489479064941
92,0.004292822265625,0.100914865732193
20,0.009287822265625,0.0992259755730629
15,0.003980634765624999,0.09951908886432648
88,0.008975634765625,0.10050616413354874
124,0.0014831347656250001,0.11869736015796661
52,0.006478134765625,0.10059147328138351
70,0.000234384765625,0.13354972004890442
142,0.005229384765625,0.10096798092126846
106,0.002731884765625,0.10174157470464706
34,0.007726884765625,0.09992227703332901
24,0.002107509765625,0.10060197114944458
97,0.007102509765625,0.10060731321573257
133,0.004605009765625,0.10183905810117722
61,0.009600009765625,0.10038391500711441
43,0.0033562597656250004,0.10075695812702179
115,0.008351259765625,0.10084807872772217
79,0.0008587597656250001,0.10805875062942505
6,0.005853759765625,0.09890290349721909
6,0.004175751953125,0.09888124465942383
78,0.009170751953125,0.10064306110143661
115,0.0016782519531250001,0.11508762091398239
42,0.006673251953125,0.10036328434944153
60,0.00042950195312500003,0.13211475312709808
133,0.005424501953125,0.10114659368991852
96,0.002927001953125,0.1015644297003746
24,0.007922001953125,0.0994885042309761
33,0.0023026269531250003,0.10070895403623581
105,0.007297626953125,0.10064023733139038
142,0.004800126953125,0.10304918140172958
69,0.009795126953125,0.10037627071142197
51,0.003551376953125,0.10073360055685043
124,0.008546376953125,0.1006489023566246
87,0.0010538769531250002,0.10955801606178284
15,0.006048876953125,0.09921146184206009
19,0.0007416894531250001,0.1009506806731224
92,0.005736689453125,0.10057321935892105
128,0.003239189453125,0.10314547270536423
56,0.008234189453125,0.10037051141262054
74,0.004487939453125,0.10058031231164932
146,0.009482939453125,0.10086090117692947
110,0.0019904394531250003,0.10544931888580322
37,0.006985439453125,0.1000794917345047
28,0.0026148144531250002,0.10070222616195679
101,0.007609814453125,0.10046841204166412
137,0.000117314453125,0.30581751465797424
65,0.005112314453125,0.10059387236833572
47,0.0013660644531250001,0.10218969732522964
119,0.006361064453125,0.10072678327560425
83,0.003863564453125,0.10094854235649109
10,0.008858564453125,0.09890925884246826
13,0.001834345703125,0.10041110962629318
85,0.006829345703125,0.10049635171890259
121,0.004331845703125,0.10112374275922775
49,0.009326845703125,0.10034266114234924
67,0.003083095703125,0.10082612186670303
139,0.008078095703125,0.10087534785270691
103,0.000585595703125,0.12015613913536072
31,0.005580595703125,0.09999430179595947
40,0.004956220703125,0.10057574510574341
112,0.009951220703125,0.10041738301515579
149,0.0024587207031250002,0.10439221560955048
76,0.007453720703125,0.10063807666301727
58,0.0012099707031250002,0.10579786449670792
130,0.006204970703125,0.10086449980735779
94,0.003707470703125,0.10094993561506271
22,0.008702470703125,0.09928174316883087
17,0.003395283203125,0.09998000413179398
90,0.008390283203125,0.10056223720312119
126,0.0008977832031250001,0.11926630139350891
53,0.005892783203125,0.10057150572538376
71,0.0021465332031250003,0.10244573652744293
144,0.007141533203125,0.10056956857442856
108,0.004644033203125,0.1010495200753212
35,0.009639033203125,0.0995955765247345
26,0.00027340820312500005,0.11561930179595947
99,0.005268408203125,0.1007830798625946
135,0.002770908203125,0.10261835902929306
62,0.007765908203125,0.10024061799049377
44,0.004019658203125,0.10043956339359283
117,0.009014658203125,0.10051766037940979
81,0.0015221582031250001,0.11104889214038849
8,0.006517158203125,0.09885674715042114
7,0.000507548828125,0.1006670892238617
79,0.005502548828125,0.1006585955619812
116,0.003005048828125,0.10305289179086685
43,0.008000048828125,0.1002703383564949
61,0.004253798828125,0.10067552328109741
134,0.009248798828125,0.1001792624592781
98,0.001756298828125,0.10534442961215973
25,0.006751298828125,0.09955859929323196
34,0.003629423828125,0.10068072378635406
107,0.008624423828125,0.1003938764333725
143,0.0011319238281250002,0.12027882039546967
70,0.006126923828125,0.10047148168087006
52,0.0023806738281250002,0.10118918120861053
125,0.007375673828125,0.1005554273724556
88,0.0048781738281249995,0.10087962448596954
16,0.009873173828125,0.0989483892917633
21,0.004565986328125,0.1001313179731369
93,0.009560986328125,0.10045699775218964
129,0.0020684863281250003,0.10695992410182953
57,0.007063486328125,0.10046881437301636
75,0.0008197363281250001,0.10916788130998611
147,0.005814736328125,0.10082020610570908
111,0.003317236328125,0.10183989256620407
39,0.008312236328125,0.09978082776069641
30,0.0014441113281250001,0.1009431704878807
102,0.006439111328125,0.10046616196632385
138,0.003941611328125,0.1019676923751831
66,0.008936611328125,0.10058555006980896
48,0.002692861328125,0.10088364779949188
120,0.007687861328125,0.10051727294921875
84,0.000195361328125,0.16109606623649597
11,0.0051903613281249995,0.09941549599170685
9,0.002848955078125,0.09938797354698181
82,0.007843955078125001,0.10051360726356506
118,0.00035145507812500004,0.14695236086845398
45,0.005346455078125,0.1005757674574852
64,0.0016002050781250001,0.10380453616380692
136,0.006595205078125,0.10103686153888702
100,0.004097705078125,0.10110051184892654
27,0.009092705078125,0.09954758733510971
36,0.0009758300781250001,0.10160627216100693
109,0.005970830078125,0.10084967315196991
145,0.003473330078125,0.10149417817592621
73,0.008468330078125001,0.10057023912668228
54,0.0047220800781249996,0.10057585686445236
127,0.009717080078125,0.10037693381309509
91,0.0022245800781250003,0.10220139473676682
18,0.007219580078125,0.09926536679267883
14,0.001912392578125,0.10058610141277313
86,0.006907392578125,0.10032212734222412
122,0.004409892578125,0.10118836909532547
50,0.009404892578125,0.10032806545495987
68,0.003161142578125,0.10054301470518112
141,0.008156142578125001,0.10054837167263031
104,0.0006636425781250001,0.14226140081882477
32,0.005658642578125,0.10022721439599991
23,0.003785517578125,0.10048094391822815
95,0.008780517578125,0.10072445869445801
132,0.0012880175781250002,0.11284736543893814
59,0.006283017578125,0.10064223408699036
41,3.9267578125e-05,0.3113113045692444
113,0.0050342675781249995,0.10105730593204498
77,0.0025367675781250002,0.1011524572968483
