77,0.005005,0.047807108610868454
113,0.0025075,0.0496789924800396
41,0.0075025000000000005,0.04729418829083443
59,0.0037562500000000005,0.047726016491651535
131,0.00875125,0.047706522047519684
95,0.00125875,0.052390120923519135
23,0.00625375,0.0473145954310894
32,0.003131875,0.04763701930642128
104,0.008126875,0.047750622034072876
140,0.0006343750000000001,0.08312297612428665
68,0.005629375,0.047926001250743866
50,0.0018831250000000003,0.047819796949625015
122,0.006878125,0.04771638289093971
86,0.004380625,0.047622524201869965
14,0.009375625,0.04678613319993019
18,0.0046928125,0.047345925122499466
91,0.0096878125,0.04771275818347931
127,0.0021953125,0.050107382237911224
54,0.0071903125,0.04754339158535004
72,0.0009465625000000001,0.05793922021985054
145,0.0059415625,0.04782794415950775
109,0.0034440625,0.04810415208339691
36,0.0084390625,0.047294847667217255
27,0.0015709375,0.047718729823827744
100,0.0065659375,0.04757141321897507
136,0.0040684375,0.04829376935958862
63,0.0090634375,0.04753890261054039
45,0.0028196875,0.047818463295698166
118,0.0078146875,0.04752201959490776
82,0.00032218750000000005,0.1010371744632721
9,0.0053171875,0.04668459668755531
11,0.00266359375,0.04733624681830406
84,0.0076585937500000005,0.04767812043428421
120,0.00016609375,0.18565621972084045
48,0.00516109375,0.04774297773838043
66,0.00141484375,0.05059473216533661
138,0.00640984375,0.047870486974716187
102,0.00391234375,0.04761122167110443
29,0.00890734375,0.04728133603930473
38,0.00079046875,0.05247513949871063
111,0.00578546875,0.047667328268289566
147,0.00328796875,0.05035959184169769
75,0.00828296875,0.04763335362076759
57,0.00453671875,0.04758606106042862
129,0.00953171875,0.04762580618262291
93,0.0020392187500000002,0.05256287008523941
20,0.00703421875,0.04687942937016487
16,0.00235140625,0.04741514101624489
88,0.00734640625,0.04761041700839996
125,0.00484890625,0.047730132937431335
52,0.00984390625,0.04730282351374626
70,0.00360015625,0.0476948581635952
143,0.00859515625,0.04756991192698479
106,0.0011026562500000001,0.06676115840673447
34,0.00609765625,0.047228675335645676
25,0.00422453125,0.047412749379873276
97,0.00921953125,0.0476776584982872
134,0.00172703125,0.0552406832575798
61,0.00672203125,0.04765712097287178
43,0.0004782812500000001,0.05957498028874397
116,0.00547328125,0.04782559350132942
79,0.00297578125,0.047727055847644806
7,0.00797078125,0.04700877144932747
8,0.003990390625,0.04658589884638786
80,0.008985390625,0.04745836928486824
117,0.001492890625,0.05848516523838043
44,0.006487890625,0.04748763144016266
62,0.00024414062500000005,0.10472612828016281
135,0.005239140625,0.04751228168606758
99,0.002741640625,0.048300400376319885
26,0.007736640625,0.04733169451355934
35,0.0021172656250000002,0.04771512746810913
108,0.007112265625,0.047583404928445816
144,0.0046147656249999995,0.04756017029285431
71,0.009609765625,0.04757475480437279
53,0.003366015625,0.04780247062444687
126,0.008361015625,0.04746607318520546
89,0.000868515625,0.05871523916721344
17,0.005863515625,0.04715633764863014
21,0.0011807031250000001,0.04768460616469383
94,0.006175703125,0.04744270071387291
130,0.003678203125,0.04915311560034752
58,0.008673203125,0.04741711542010307
76,0.0049269531249999995,0.047665074467659
148,0.009921953125,0.04779791086912155
112,0.002429453125,0.04880458861589432
40,0.007424453125,0.04734181985259056
31,0.003053828125,0.04753468185663223
103,0.008048828125,0.047543901950120926
139,0.0005563281250000001,0.09065625071525574
67,0.005551328125,0.04759816825389862
49,0.001805078125,0.047664470970630646
121,0.006800078125,0.04763180390000343
85,0.0043025781249999995,0.04765136539936066
12,0.009297578125,0.0468430295586586
10,0.001336796875,0.04762798175215721
83,0.006331796875,0.04766041785478592
119,0.0038342968750000005,0.047666117548942566
46,0.008829296875,0.047316547483205795
65,0.002585546875,0.04772629588842392
137,0.007580546875,0.047762539237737656
101,8.8046875e-05,0.323883593082428
28,0.005083046875,0.047212980687618256
37,0.0044586718749999995,0.047384437173604965
110,0.009453671875,0.047688812017440796
146,0.0019611718750000002,0.05928478017449379
74,0.006956171875,0.04768005385994911
55,0.0007124218750000001,0.05337943881750107
128,0.005707421875,0.04775378853082657
92,0.003209921875,0.047933515161275864
19,0.008204921875,0.04651401564478874
15,0.003522109375,0.047371506690979004
87,0.008517109375,0.047706011682748795
123,0.0010246093750000001,0.06053559482097626
51,0.006019609375,0.04768650606274605
69,0.002273359375,0.04783955216407776
142,0.007268359375,0.04740611091256142
105,0.0047708593749999995,0.04780559614300728
33,0.009765859375,0.04731013625860214
24,0.00040023437500000004,0.050021301954984665
96,0.005395234375,0.04775143414735794
133,0.002897734375,0.04967447742819786
60,0.007892734375,0.047375068068504333
42,0.0041464843749999996,0.04776599258184433
114,0.009141484375,0.047302406281232834
78,0.001648984375,0.05060411989688873
6,0.006643984375,0.04696692153811455
6,0.0033269921875000003,0.04674878343939781
79,0.0083219921875,0.04774851351976395
115,0.0008294921875,0.06938698887825012
42,0.0058244921875,0.04755477234721184
61,0.0020782421875,0.04770180210471153
133,0.0070732421875,0.04772784560918808
97,0.0045757421875,0.047836873680353165
24,0.0095707421875,0.04663711041212082
33,0.0002051171875,0.0726965144276619
106,0.0052001171875,0.047912586480379105
142,0.0027026171875000004,0.0509917326271534
70,0.0076976171875,0.04771186411380768
52,0.0039513671875,0.04771578311920166
124,0.0089463671875,0.04774311184883118
88,0.0014538671875,0.051577236503362656
15,0.0064488671875,0.04676014184951782
20,0.0017660546875,0.04773774370551109
92,0.0067610546875,0.04757382720708847
129,0.0042635546875,0.04858142137527466
56,0.0092585546875,0.047516483813524246
74,0.0030148046875000003,0.047645486891269684
147,0.0080098046875,0.04763296619057655
110,0.0005173046875000001,0.08275618404150009
38,0.0055123046875,0.047498442232608795
29,0.0048879296875,0.04741683229804039
101,0.0098829296875,0.04770093038678169
138,0.0023904296875,0.051998965442180634
65,0.0073854296875,0.04757936671376228
47,0.0011416796875000001,0.04846271872520447
119,0.0061366796874999996,0.04763044789433479
83,0.0036391796875000003,0.04764584079384804
11,0.0086341796875,0.04680394008755684
13,0.0006733984375000001,0.04771649092435837
85,0.0056683984375,0.04763941466808319
122,0.0031708984375000003,0.04935384541749954
49,0.0081658984375,0.04735635966062546
67,0.0044196484375,0.047567084431648254
140,0.009414648437500001,0.04759315401315689
104,0.0019221484375000002,0.0506993867456913
31,0.0069171484375,0.04744968190789223
40,0.0025465234375000004,0.047620054334402084
113,0.0075415234375,0.047577258199453354
149,4.90234375e-05,0.8850029110908508
76,0.0050440234375,0.04759910702705383
58,0.0012977734375,0.051909103989601135
131,0.0062927734375,0.047832127660512924
95,0.0037952734375000003,0.047711845487356186
22,0.008790273437500001,0.04673818498849869
18,0.0041074609375,0.047398585826158524
90,0.009102460937500001,0.04771675914525986
126,0.0016099609375,0.05974297598004341
54,0.0066049609375,0.04758045822381973
72,0.00036121093750000004,0.07928528636693954
144,0.0053562109375,0.047616440802812576
108,0.0028587109375000004,0.04825892671942711
36,0.0078537109375,0.04726151376962662
27,0.0022343359375,0.047741979360580444
99,0.0072293359375,0.047626692801713943
135,0.0047318359375,0.047803882509469986
63,0.009726835937500001,0.04729361832141876
45,0.0034830859375000003,0.047681957483291626
117,0.0084780859375,0.04765809699892998
81,0.0009855859375000001,0.05612077936530113
8,0.0059805859375,0.04682069271802902
7,0.0020001953125,0.047139182686805725
80,0.0069951953125,0.04765107482671738
116,0.0044976953125,0.04811505600810051
44,0.0094926953125,0.047364626079797745
62,0.0032489453125000003,0.04768037423491478
134,0.0082439453125,0.04745138809084892
98,0.0007514453125,0.06726272404193878
25,0.0057464453125,0.047419700771570206
35,0.0038733203125000002,0.047683220356702805
107,0.0088683203125,0.04766809195280075
143,0.0013758203125,0.05652546137571335
71,0.0063708203125,0.04762126877903938
53,0.0001270703125,0.14720164239406586
125,0.0051220703125,0.04761391133069992
89,0.0026245703125000004,0.047872867435216904
16,0.0076195703125,0.04666729271411896
21,0.0029367578125000003,0.04744351655244827
93,0.0079317578125,0.04757224768400192
130,0.00043925781250000003,0.09721708297729492
57,0.0054342578125,0.04759104922413826
75,0.0016880078125,0.049900490790605545
148,0.0066830078125,0.04778354614973068
112,0.0041855078125,0.04763886705040932
39,0.0091805078125,0.04734254255890846
30,0.0010636328125000001,0.04766845703125
102,0.0060586328125,0.0474918968975544
139,0.0035611328125000003,0.04816407337784767
66,0.0085561328125,0.04775284230709076
48,0.0048098828125,0.04762730747461319
121,0.0098048828125,0.0477299802005291
84,0.0023123828125,0.04793160408735275
12,0.0073073828125,0.04670136049389839
10,0.0046537890625,0.046644773334264755
82,0.0096487890625,0.04761136695742607
118,0.0021562890625,0.049460217356681824
46,0.0071512890625,0.047336872667074203
64,0.0009075390625,0.05952300503849983
136,0.0059025390625,0.047622304409742355
100,0.0034050390625000003,0.04841981455683708
28,0.0084000390625,0.047315966337919235
37,0.0015319140625,0.047908663749694824
109,0.0065269140625,0.04777253791689873
146,0.0040294140625,0.048405036330223083
73,0.0090244140625,0.04781496524810791
55,0.0027806640625000004,0.04764947295188904
127,0.0077756640625,0.047582272440195084
91,0.00028316406250000005,0.08794831484556198
19,0.0052781640625,0.047068726271390915
14,0.0005953515625000001,0.047884516417980194
87,0.0055903515625,0.047707974910736084
123,0.0030928515625000003,0.04818838834762573
50,0.0080878515625,0.04736507683992386
69,0.0043416015625,0.04768155887722969
141,0.0093366015625,0.047542646527290344
105,0.0018441015625,0.05028241127729416
32,0.0068391015625,0.04733898118138313
23,0.0037172265625000003,0.04743018373847008
96,0.0087122265625,0.047553498297929764
132,0.0012197265625,0.061658065766096115
59,0.0062147265625,0.04770688712596893
41,0.0024684765625,0.04763718321919441
114,0.0074634765625,0.04727441817522049
78,0.0049659765625,0.047631844878196716
5,0.0099609765625,0.04764840751886368
5,0.00498548828125,0.04685157909989357
78,0.00998048828125,0.047471314668655396
114,0.0024879882812500003,0.050702325999736786
42,0.00748298828125,0.047260865569114685
60,0.00123923828125,0.04883855581283569
132,0.00623423828125,0.047585371881723404
96,0.00373673828125,0.0478731133043766
23,0.00873173828125,0.04677615314722061
33,0.0018636132812500001,0.047738660126924515
105,0.00685861328125,0.04768546298146248
141,0.00436111328125,0.04810168221592903
69,0.00935611328125,0.04748206213116646
51,0.0031123632812500002,0.0477510504424572
123,0.00810736328125,0.047656964510679245
87,0.0006148632812500001,0.06006615608930588
14,0.0056098632812499995,0.046795859932899475
19,0.00030267578125000005,0.05658344924449921
91,0.0052976757812499995,0.04762296751141548
128,0.0028001757812500003,0.04930168390274048
55,0.00779517578125,0.04752814769744873
73,0.00404892578125,0.04766794294118881
146,0.00904392578125,0.047703251242637634
110,0.0015514257812500002,0.05318035930395126
37,0.00654642578125,0.04722733795642853
28,0.00342455078125,0.04754877835512161
101,0.00841955078125,0.04757567122578621
137,0.00092705078125,0.06544746458530426
64,0.00592205078125,0.0478372685611248
46,0.0021758007812500003,0.04762983322143555
119,0.00717080078125,0.04743336886167526
82,0.00467330078125,0.047612909227609634
10,0.00966830078125,0.046772219240665436
12,0.0023318945312500003,0.047284018248319626
85,0.00732689453125,0.04765033349394798
121,0.00482939453125,0.04779008403420448
48,0.00982439453125,0.04742296412587166
67,0.00358064453125,0.04757639393210411
139,0.008575644531250001,0.04762737825512886
103,0.00108314453125,0.05596423149108887
30,0.00607814453125,0.04728337377309799
39,0.00420501953125,0.047792114317417145
112,0.00920001953125,0.04758863523602486
148,0.0017075195312500002,0.06171569973230362
76,0.00670251953125,0.04766836762428284
57,0.00045876953125000003,0.06780970096588135
130,0.0054537695312499995,0.047836001962423325
94,0.0029562695312500002,0.048196129500865936
21,0.00795126953125,0.04687059298157692
17,0.0026440820312500003,0.047301873564720154
89,0.00763908203125,0.04756242036819458
125,0.00014658203125,0.2792821526527405
53,0.0051415820312499996,0.0476745180785656
71,0.0013953320312500002,0.05186132341623306
144,0.00639033203125,0.04753129929304123
107,0.00389283203125,0.04761770740151405
35,0.008887832031250001,0.047490205615758896
26,0.00077095703125,0.048612721264362335
98,0.00576595703125,0.047729261219501495
134,0.00326845703125,0.04915378987789154
62,0.008263457031250001,0.04763226956129074
44,0.00451720703125,0.0477214939892292
116,0.00951220703125,0.04762547090649605
80,0.0020197070312500003,0.049342039972543716
8,0.00701470703125,0.0468129925429821
9,0.00100509765625,0.0476263053715229
81,0.00600009765625,0.047753896564245224
117,0.00350259765625,0.04811657965183258
45,0.00849759765625,0.04730083420872688
63,0.00475134765625,0.04766499623656273
136,0.00974634765625,0.04764360934495926
99,0.0022538476562500003,0.05068018659949303
27,0.00724884765625,0.047347113490104675
36,0.0028782226562500002,0.047882646322250366
108,0.00787322265625,0.04773779585957527
145,0.00038072265625000004,0.10033184289932251
72,0.00537572265625,0.04755733162164688
54,0.0016294726562500002,0.04788947105407715
127,0.00662447265625,0.04766477644443512
90,0.00412697265625,0.04759017005562782
18,0.00912197265625,0.04666779562830925
22,0.00381478515625,0.04732237756252289
95,0.00880978515625,0.04767969623208046
131,0.0013172851562500002,0.062199484556913376
59,0.00631228515625,0.047654081135988235
77,6.853515625e-05,0.2869020402431488
149,0.00506353515625,0.04819171503186226
113,0.0025660351562500003,0.049048811197280884
40,0.00756103515625,0.04728573188185692
31,0.0019416601562500001,0.04780355468392372
104,0.00693666015625,0.04767352342605591
140,0.00443916015625,0.04795127734541893
68,0.00943416015625,0.04756983369588852
50,0.00319041015625,0.04766995459794998
122,0.00818541015625,0.0477045439183712
86,0.0006929101562500001,0.0691831186413765
13,0.00568791015625,0.046723682433366776
11,0.00365869140625,0.04734385758638382
84,0.00865369140625,0.04771842807531357
120,0.00116119140625,0.059008609503507614
47,0.00615619140625,0.047720979899168015
65,0.0024099414062500003,0.047666035592556
138,0.00740494140625,0.04769434779882431
102,0.00490744140625,0.04762209951877594
29,0.00990244140625,0.046840570867061615
38,0.0005368164062500001,0.05072285234928131
111,0.00553181640625,0.04776666685938835
147,0.0030343164062500002,0.051520563662052155
74,0.00802931640625,0.047481101006269455
56,0.00428306640625,0.04765329137444496
129,0.00927806640625,0.047718510031700134
93,0.0017855664062500002,0.05102888494729996
20,0.00678056640625,0.04693378508090973
16,0.0014733789062500002,0.04770456627011299
88,0.00646837890625,0.04770870506763458
124,0.00397087890625,0.047923743724823
52,0.00896587890625,0.04735367372632027
70,0.0027221289062500003,0.04786326736211777
142,0.00771712890625,0.04750797897577286
106,0.00022462890625,0.13216432929039001
34,0.00521962890625,0.04728985205292702
25,0.00459525390625,0.04727989062666893
97,0.00959025390625,0.04774394631385803
133,0.0020977539062500003,0.055657483637332916
61,0.00709275390625,0.04780206084251404
43,0.00084900390625,0.055076390504837036
115,0.00584400390625,0.04771466180682182
79,0.00334650390625,0.047652024775743484
6,0.00834150390625,0.0471453033387661
6,0.0016684960937500002,0.047385577112436295
78,0.00666349609375,0.04764760658144951
115,0.00416599609375,0.047827091068029404
42,0.00916099609375,0.047343626618385315
60,0.00291724609375,0.047625575214624405
133,0.00791224609375,0.04746921733021736
97,0.00041974609375000003,0.09147091209888458
24,0.00541474609375,0.04727459326386452
33,0.00479037109375,0.04742493852972984
106,0.00978537109375,0.04760047420859337
142,0.00229287109375,0.054651688784360886
69,0.00728787109375,0.04765993729233742
51,0.00104412109375,0.05398697778582573
124,0.00603912109375,0.04771535471081734
87,0.0035416210937500004,0.047908809036016464
15,0.00853662109375,0.04669638350605965
20,0.0032294335937500004,0.04726352170109749
92,0.00822443359375,0.04778090491890907
128,0.00073193359375,0.10041089355945587
56,0.00572693359375,0.047638025134801865
74,0.00198068359375,0.04843585938215256
146,0.0069756835937500004,0.04768889769911766
110,0.00447818359375,0.04791871830821037
38,0.00947318359375,0.04731138423085213
29,0.00010755859375,0.12030735611915588
101,0.00510255859375,0.047659557312726974
137,0.00260505859375,0.052140913903713226
65,0.00760005859375,0.047691214829683304
47,0.0038538085937500004,0.04767519235610962
119,0.00884880859375,0.04751366749405861
83,0.0013563085937500002,0.052484359592199326
10,0.00635130859375,0.0466286763548851
13,0.00432208984375,0.046975091099739075
85,0.00931708984375,0.04770975559949875
121,0.0018245898437500001,0.054516687989234924
49,0.00681958984375,0.047433704137802124
67,0.0005758398437500001,0.07546022534370422
140,0.00557083984375,0.047655120491981506
103,0.00307333984375,0.04810204729437828
31,0.00806833984375,0.04749896004796028
40,0.00244896484375,0.04779214784502983
112,0.00744396484375,0.04765738919377327
149,0.00494646484375,0.04792407155036926
76,0.009941464843750001,0.04766809567809105
58,0.0036977148437500004,0.04761962592601776
131,0.00869271484375,0.04774000868201256
94,0.00120021484375,0.05758369341492653
22,0.00619521484375,0.04732711240649223
17,0.00088802734375,0.04768829792737961
90,0.00588302734375,0.0476100780069828
126,0.0033855273437500004,0.048777639865875244
53,0.00838052734375,0.04744162783026695
72,0.00463427734375,0.04757930710911751
144,0.009629277343750001,0.04756968468427658
108,0.00213677734375,0.05080531910061836
35,0.00713177734375,0.0474592000246048
26,0.00276115234375,0.047724537551403046
99,0.00775615234375,0.047617118805646896
135,0.00026365234375000005,0.1848181188106537
63,0.00525865234375,0.04774799942970276
44,0.0015124023437500002,0.047803446650505066
117,0.00650740234375,0.047620318830013275
81,0.00400990234375,0.04783666878938675
8,0.00900490234375,0.04690795764327049
7,0.00299529296875,0.046626731753349304
80,0.00799029296875,0.04777083173394203
116,0.0004977929687500001,0.11579449474811554
43,0.00549279296875,0.04781312122941017
61,0.0017465429687500002,0.04808741807937622
134,0.00674154296875,0.047480273991823196
98,0.0042440429687499994,0.047802768647670746
25,0.00923904296875,0.04670438542962074
34,0.00112216796875,0.04778663069009781
107,0.00611716796875,0.04754604399204254
143,0.0036196679687500004,0.049115028232336044
70,0.00861466796875,0.04780517891049385
52,0.00486841796875,0.0478225015103817
125,0.00986341796875,0.047634370625019073
89,0.00237091796875,0.048080526292324066
16,0.00736591796875,0.04661901667714119
21,0.00205873046875,0.04772280156612396
93,0.00705373046875,0.04774191975593567
129,0.00455623046875,0.04795509949326515
57,0.00955123046875,0.047289859503507614
75,0.0033074804687500004,0.047708671540021896
148,0.00830248046875,0.047765377908945084
111,0.00080998046875,0.06569860130548477
39,0.00580498046875,0.04733520746231079
30,0.0039318554687499995,0.04745866358280182
102,0.00892685546875,0.04761118441820145
138,0.0014343554687500002,0.06088588386774063
66,0.00642935546875,0.04772923141717911
48,0.00018560546875,0.10790430754423141
120,0.00518060546875,0.04764188453555107
84,0.00268310546875,0.04800651967525482
12,0.00767810546875,0.04672466218471527
9,0.00034169921875000004,0.048060838133096695
82,0.00533669921875,0.04773417115211487
118,0.00283919921875,0.04876674711704254
46,0.00783419921875,0.04728604480624199
64,0.0040879492187499995,0.04774382710456848
136,0.00908294921875,0.047721121460199356
100,0.0015904492187500002,0.0495460145175457
27,0.00658544921875,0.047392264008522034
37,0.0034635742187500004,0.0476888008415699
109,0.00845857421875,0.047686539590358734
145,0.0009660742187500001,0.07836231589317322
73,0.00596107421875,0.047619570046663284
55,0.00221482421875,0.04775483161211014
127,0.00720982421875,0.04758656024932861
91,0.00471232421875,0.04771246016025543
18,0.00970732421875,0.04667007178068161
14,0.00440013671875,0.047208528965711594
86,0.00939513671875,0.047628652304410934
123,0.0019026367187500001,0.05878889188170433
50,0.00689763671875,0.047518856823444366
68,0.0006538867187500001,0.052943091839551926
141,0.00564888671875,0.047912195324897766
104,0.0031513867187500004,0.04799943044781685
32,0.00814638671875,0.047317977994680405
23,0.0012782617187500002,0.04759231209754944
95,0.00627326171875,0.0476066954433918
132,0.0037757617187500004,0.04849231615662575
59,0.00877076171875,0.04740468040108681
41,0.00252701171875,0.04778140410780907
114,0.00752201171875,0.04725763574242592
77,2.9511718750000004e-05,0.48695722222328186
5,0.00502451171875,0.04685549810528755
5,0.0025172558593750003,0.046665892004966736
77,0.007512255859375,0.047684598714113235
114,1.9755859375e-05,0.5358588695526123
41,0.005014755859375,0.04779031127691269
59,0.001268505859375,0.04898824542760849
132,0.006263505859375,0.04769391193985939
96,0.003766005859375,0.047772567719221115
23,0.008761005859375,0.04704104736447334
32,0.0006441308593750001,0.049633607268333435
105,0.005639130859375,0.0475769080221653
141,0.0031416308593750003,0.049196500331163406
68,0.008136630859375,0.047809235751628876
50,0.004390380859375,0.0476260744035244
123,0.009385380859375,0.047804635018110275
86,0.0018928808593750002,0.05098962411284447
14,0.006887880859375,0.04683329910039902
19,0.0022050683593750004,0.04760755971074104
91,0.007200068359375,0.047583140432834625
127,0.004702568359375,0.04766569286584854
55,0.009697568359375,0.047239866107702255
73,0.0034538183593750002,0.047711607068777084
145,0.008448818359375,0.047725968062877655
109,0.0009563183593750001,0.0662388950586319
37,0.005951318359375,0.04728332906961441
28,0.004078193359375,0.04730052500963211
100,0.009073193359375,0.04759281128644943
136,0.0015806933593750002,0.05610871687531471
64,0.006575693359375,0.047709643840789795
46,0.00033194335937500004,0.06446604430675507
118,0.005326943359375,0.04787876084446907
82,0.0028294433593750003,0.048040710389614105
9,0.007824443359375,0.04682308807969093
12,0.000175849609375,0.05324651673436165
84,0.005170849609375,0.04768222197890282
120,0.0026733496093750003,0.04879267141222954
48,0.007668349609375,0.047257307916879654
66,0.003922099609375,0.047781676054000854
139,0.008917099609375,0.047744520008563995
102,0.001424599609375,0.05276837199926376
30,0.006419599609375,0.047454264014959335
39,0.0032977246093750003,0.04764651507139206
111,0.008292724609375,0.04774608090519905
148,0.0008002246093750001,0.07208412885665894
75,0.005795224609375,0.04768873378634453
57,0.002048974609375,0.04792678356170654
130,0.007043974609375,0.047681182622909546
93,0.004546474609375,0.04773854836821556
21,0.009541474609375,0.046789903193712234
16,0.004858662109375,0.04731109365820885
89,0.009853662109375,0.04779043793678284
125,0.0023611621093750004,0.04994206503033638
53,0.007356162109375,0.047498591244220734
71,0.001112412109375,0.05580640584230423
143,0.006107412109375,0.047677621245384216
107,0.0036099121093750002,0.04791763424873352
34,0.008604912109375,0.04732637479901314
25,0.0017367871093750002,0.047708604484796524
98,0.006731787109375,0.04764257371425629
134,0.004234287109375,0.04781867936253548
62,0.009229287109375,0.04752388596534729
43,0.0029855371093750003,0.047771379351615906
116,0.007980537109375,0.0477457270026207
80,0.0004880371093750001,0.06953069567680359
7,0.005483037109375,0.046881403774023056
8,0.001502646484375,0.04735783487558365
81,0.006497646484375,0.047840964049100876
117,0.004000146484375,0.04818134754896164
45,0.008995146484375001,0.04733216017484665
63,0.0027513964843750003,0.047687627375125885
135,0.007746396484375,0.047602105885744095
99,0.00025389648437500005,0.13015814125537872
26,0.005248896484375,0.0472896546125412
36,0.004624521484375,0.04743004962801933
108,0.009619521484375,0.04770824313163757
144,0.002127021484375,0.05864280089735985
72,0.007122021484375,0.047780659049749374
54,0.0008782714843750001,0.05045346915721893
126,0.0058732714843749995,0.04747613146901131
90,0.0033757714843750002,0.04755400866270065
17,0.008370771484375,0.04655192792415619
22,0.003687958984375,0.04726378992199898
94,0.008682958984375001,0.04765097424387932
131,0.001190458984375,0.05812351033091545
58,0.006185458984375,0.04765445739030838
76,0.0024392089843750004,0.04782681167125702
149,0.007434208984375,0.0476149283349514
113,0.004936708984375,0.047521550208330154
40,0.009931708984375,0.0473208911716938
31,0.000566083984375,0.05153084173798561
103,0.005561083984375,0.047690343111753464
140,0.0030635839843750003,0.04842539131641388
67,0.008058583984375,0.047597479075193405
49,0.004312333984375,0.04788537696003914
122,0.009307333984375001,0.04764547571539879
85,0.0018148339843750002,0.04976961761713028
13,0.006809833984375,0.04669136181473732
11,0.003844052734375,0.04681485518813133
83,0.008839052734375,0.04775353893637657
119,0.001346552734375,0.05806855112314224
47,0.006341552734375,0.04746811464428902
65,9.7802734375e-05,0.24032217264175415
137,0.005092802734375,0.048139020800590515
101,0.0025953027343750003,0.0481695756316185
29,0.007590302734375,0.04734170809388161
38,0.001970927734375,0.04778560623526573
110,0.006965927734375,0.04770076274871826
147,0.004468427734375,0.04844408109784126
74,0.009463427734375,0.04747343063354492
56,0.0032196777343750003,0.047628093510866165
128,0.008214677734375,0.04759858176112175
92,0.0007221777343750001,0.06194783374667168
20,0.0057171777343749995,0.047348201274871826
15,0.001034365234375,0.04788760840892792
88,0.006029365234375,0.04762830585241318
124,0.0035318652343750002,0.04849793389439583
51,0.008526865234375,0.047465261071920395
69,0.004780615234375,0.0475534126162529
142,0.009775615234375,0.047631096094846725
106,0.0022831152343750004,0.049236495047807693
33,0.007278115234375,0.04734983667731285
24,0.0029074902343750003,0.04770117998123169
97,0.007902490234375,0.04761599376797676
133,0.00040999023437500004,0.10157496482133865
60,0.005404990234375,0.04779989644885063
42,0.0016587402343750002,0.047860972583293915
115,0.006653740234375,0.04772140085697174
79,0.004156240234375,0.04757120460271835
6,0.009151240234375,0.04719504714012146
7,0.0008392480468750001,0.04762702435255051
79,0.005834248046875,0.047747671604156494
115,0.003336748046875,0.04791466146707535
43,0.008331748046875,0.047246888279914856
61,0.004585498046875,0.047641824930906296
133,0.009580498046875,0.04760408028960228
97,0.002087998046875,0.049676403403282166
25,0.007082998046875,0.04729904606938362
34,0.002712373046875,0.04773000255227089
106,0.007707373046875,0.04757532849907875
143,0.000214873046875,0.16599039733409882
70,0.005209873046875,0.04766509309411049
52,0.001463623046875,0.048150837421417236
124,0.006458623046875,0.047675032168626785
88,0.003961123046875,0.047623682767152786
16,0.008956123046875,0.046757735311985016
20,0.004273310546875,0.04724343121051788
93,0.009268310546875,0.0475788377225399
129,0.0017758105468750002,0.05925530940294266
56,0.006770810546875,0.0475785918533802
75,0.000527060546875,0.06978057324886322
147,0.005522060546875,0.0477822870016098
111,0.003024560546875,0.04951000586152077
38,0.008019560546875,0.04724644497036934
29,0.002400185546875,0.0477934367954731
102,0.0073951855468750004,0.0475357286632061
138,0.004897685546875,0.04781925678253174
66,0.009892685546875,0.04734699800610542
47,0.0036489355468750004,0.04763757809996605
120,0.008643935546875,0.047585777938365936
84,0.001151435546875,0.05485180765390396
11,0.006146435546875,0.04652319848537445
13,0.003180654296875,0.04738283157348633
86,0.008175654296875,0.047522757202386856
122,0.0006831542968750001,0.07947703450918198
50,0.005678154296875,0.04767512157559395
68,0.0019319042968750002,0.04803791269659996
140,0.006926904296875,0.047616831958293915
104,0.004429404296875,0.047794245183467865
32,0.009424404296875,0.04730449244379997
41,5.8779296875e-05,0.31590786576271057
113,0.005053779296875,0.04747045785188675
149,0.002556279296875,0.05021175369620323
77,0.007551279296875,0.04760928824543953
59,0.0038050292968750004,0.047622330486774445
131,0.008800029296875,0.04771123453974724
95,0.001307529296875,0.05136071890592575
22,0.006302529296875,0.04733371362090111
18,0.0016197167968750002,0.04775866121053696
90,0.006614716796875,0.047563351690769196
127,0.004117216796875,0.0478937104344368
54,0.009112216796875,0.04740788787603378
72,0.002868466796875,0.04774308204650879
145,0.007863466796875,0.04765257611870766
109,0.00037096679687500004,0.0935172438621521
36,0.005365966796875,0.047423962503671646
27,0.004741591796875,0.04723580926656723
100,0.009736591796875001,0.04786204546689987
136,0.002244091796875,0.053532302379608154
63,0.0072390917968750005,0.04752412438392639
45,0.000995341796875,0.04914455488324165
118,0.005990341796875,0.04775042459368706
81,0.0034928417968750004,0.04764452576637268
9,0.008487841796875,0.046813368797302246
8,0.0045074511718749995,0.04666740819811821
80,0.009502451171875,0.04735872521996498
117,0.002009951171875,0.05100816860795021
44,0.007004951171875,0.04728126525878906
62,0.0007612011718750001,0.058841705322265625
135,0.005756201171875,0.047578439116477966
98,0.003258701171875,0.04823077470064163
26,0.008253701171875,0.04722030460834503
35,0.001385576171875,0.04766258969902992
107,0.006380576171875,0.04752347245812416
144,0.0038830761718750004,0.04805479198694229
71,0.008878076171875,0.047650523483753204
53,0.002634326171875,0.04772547259926796
126,0.007629326171875,0.04752463102340698
89,0.000136826171875,0.13436259329319
17,0.005131826171875,0.04733194783329964
21,0.00044901367187500003,0.053625620901584625
94,0.005444013671875,0.04761296510696411
130,0.002946513671875,0.04868016764521599
58,0.007941513671875,0.047447845339775085
76,0.0041952636718749995,0.04788842797279358
148,0.009190263671875,0.047748155891895294
112,0.0016977636718750002,0.05351722985506058
39,0.006692763671875,0.04731626436114311
30,0.0035708886718750004,0.047773901373147964
103,0.008565888671875,0.04757502302527428
139,0.001073388671875,0.06237164884805679
67,0.006068388671875,0.04776475206017494
49,0.002322138671875,0.04767531901597977
121,0.007317138671875,0.04767525941133499
85,0.004819638671875,0.047686755657196045
12,0.009814638671875,0.046864259988069534
10,0.002166044921875,0.04747500270605087
83,0.007161044921875,0.04767625033855438
119,0.0046635449218749995,0.0475802980363369
46,0.009658544921875,0.047248635441064835
64,0.003414794921875,0.047739796340465546
137,0.008409794921875,0.04764712601900101
101,0.0009172949218750001,0.06112407520413399
28,0.005912294921875,0.047348298132419586
37,0.0040391699218749995,0.04752691835165024
110,0.009034169921875,0.04762452468276024
146,0.001541669921875,0.05914391204714775
73,0.006536669921875,0.047613538801670074
55,0.00029291992187500005,0.06948132812976837
128,0.005287919921875,0.04789059981703758
92,0.002790419921875,0.04851888120174408
19,0.007785419921875,0.04657185077667236
15,0.003102607421875,0.04735691100358963
87,0.008097607421875,0.04784803092479706
123,0.000605107421875,0.08447474986314774
51,0.005600107421875,0.04768950864672661
69,0.0018538574218750002,0.04869208484888077
141,0.006848857421875,0.04755163937807083
105,0.0043513574218749995,0.04766526445746422
33,0.009346357421875,0.047352056950330734
24,0.001229482421875,0.04775256663560867
96,0.006224482421875,0.04764499515295029
132,0.0037269824218750004,0.04826515540480614
60,0.008721982421875,0.047404274344444275
42,0.004975732421875,0.04783916845917702
114,0.009970732421875,0.047259628772735596
78,0.002478232421875,0.04811307415366173
5,0.007473232421875,0.04724203050136566
5,0.002497744140625,0.04672209173440933
78,0.007492744140625,0.04781041294336319
114,0.004995244140625,0.04735103249549866
41,0.009990244140625,0.047322046011686325
60,0.0037464941406250003,0.04780295491218567
132,0.008741494140625,0.047620393335819244
96,0.0012489941406250002,0.050928231328725815
23,0.006243994140625,0.04739424213767052
32,0.004370869140625,0.04753420129418373
105,0.009365869140625,0.047687649726867676
141,0.001873369140625,0.060651957988739014
69,0.006868369140625,0.04764077067375183
51,0.000624619140625,0.05919546261429787
123,0.005619619140625,0.04777030646800995
87,0.0031221191406250004,0.048177704215049744
14,0.008117119140625,0.046666864305734634
19,0.002809931640625,0.04749850183725357
91,0.007804931640625,0.047648556530475616
128,0.00031243164062500005,0.163319393992424
55,0.005307431640625,0.047703467309474945
73,0.0015611816406250001,0.05210844427347183
146,0.0065561816406249996,0.047700073570013046
109,0.004058681640625,0.04791662469506264
37,0.009053681640625,0.047274891287088394
28,0.0009368066406250001,0.04780760779976845
100,0.005931806640625,0.047607965767383575
137,0.0034343066406250003,0.049105204641819
64,0.008429306640625,0.04768425226211548
46,0.004683056640625,0.04756653308868408
118,0.009678056640625,0.047591447830200195
82,0.002185556640625,0.04872903972864151
10,0.007180556640625,0.04680754616856575
12,0.004839150390625,0.04675235226750374
85,0.009834150390625001,0.047450561076402664
121,0.002341650390625,0.05206675082445145
48,0.007336650390625,0.047358568757772446
66,0.0010929003906250002,0.050071679055690765
139,0.006087900390625,0.04762836545705795
103,0.0035904003906250003,0.04785607010126114
30,0.008585400390625,0.047173794358968735
39,0.001717275390625,0.04764664173126221
112,0.006712275390625,0.047626323997974396
148,0.004214775390625,0.048802465200424194
75,0.009209775390625001,0.047763705253601074
57,0.0029660253906250004,0.04770267754793167
130,0.007961025390625,0.04780719056725502
94,0.00046852539062500003,0.08902205526828766
21,0.005463525390625,0.04733867943286896
17,0.000156337890625,0.06201208755373955
89,0.005151337890625,0.0476609505712986
125,0.002653837890625,0.05200657993555069
53,0.007648837890625,0.04731001332402229
71,0.0039025878906250003,0.04782526195049286
143,0.008897587890625,0.04743201285600662
107,0.0014050878906250001,0.054421316832304
35,0.006400087890625,0.04744826257228851
26,0.0032782128906250004,0.047660235315561295
98,0.008273212890625,0.04774434119462967
134,0.0007807128906250001,0.07616821676492691
62,0.005775712890625,0.04760647937655449
44,0.002029462890625,0.04789417237043381
116,0.007024462890625,0.047708660364151
80,0.004526962890625,0.047630876302719116
7,0.009521962890625001,0.047217074781656265
9,0.0035123535156250003,0.046836405992507935
81,0.008507353515625,0.04770169034600258
117,0.0010148535156250002,0.064341701567173
45,0.006009853515625,0.047580741345882416
63,0.002263603515625,0.04799609258770943
135,0.007258603515625,0.04758485406637192
99,0.004761103515625,0.047648292034864426
27,0.009756103515625,0.04683217778801918
36,0.00039047851562500004,0.0673258900642395
108,0.005385478515625,0.04754522442817688
145,0.0028879785156250004,0.050888415426015854
72,0.007882978515625,0.047420985996723175
54,0.004136728515625,0.047710761427879333
126,0.009131728515625,0.04756905883550644
90,0.0016392285156250001,0.051809653639793396
18,0.006634228515625,0.046997036784887314
22,0.0013270410156250001,0.047669824212789536
95,0.006322041015625,0.04774756729602814
131,0.0038245410156250003,0.04812556132674217
58,0.008819541015625,0.047272391617298126
77,0.002575791015625,0.04840090125799179
149,0.007570791015625,0.04767599701881409
113,7.8291015625e-05,0.4882926642894745
40,0.005073291015625,0.04756402224302292
31,0.004448916015625,0.04757837951183319
104,0.009443916015625,0.04780028015375137
140,0.001951416015625,0.053376205265522
68,0.006946416015625,0.04766232520341873
49,0.0007026660156250001,0.057742007076740265
122,0.005697666015625,0.04772847890853882
86,0.0032001660156250004,0.047565869987010956
13,0.008195166015625,0.04674147069454193
11,0.0011709472656250002,0.04769573360681534
83,0.006165947265625,0.04775523394346237
120,0.0036684472656250003,0.04792286083102226
47,0.008663447265625,0.04728474095463753
65,0.004917197265625,0.04763590544462204
138,0.009912197265625,0.04778357222676277
101,0.002419697265625,0.05079086869955063
29,0.007414697265625,0.047337017953395844
38,0.0030440722656250004,0.047776754945516586
111,0.008039072265625,0.04777431860566139
147,0.000546572265625,0.09178251773118973
74,0.005541572265625,0.04773753136396408
56,0.001795322265625,0.04830789566040039
129,0.006790322265625,0.04773635044693947
92,0.004292822265625,0.04775762930512428
20,0.009287822265625,0.04665890336036682
15,0.003980634765624999,0.04727112874388695
88,0.008975634765625,0.04771391302347183
124,0.0014831347656250001,0.05634314566850662
52,0.006478134765625,0.0477432943880558
70,0.000234384765625,0.08970846235752106
142,0.005229384765625,0.047998230904340744
106,0.002731884765625,0.04821121692657471
34,0.007726884765625,0.04738118126988411
24,0.002107509765625,0.047614697366952896
97,0.007102509765625,0.04758300259709358
133,0.004605009765625,0.04771695286035538
61,0.009600009765625,0.047322917729616165
43,0.0033562597656250004,0.047791868448257446
115,0.008351259765625,0.047773052006959915
79,0.0008587597656250001,0.06394295394420624
6,0.005853759765625,0.046871792525053024
6,0.004175751953125,0.046689290553331375
78,0.009170751953125,0.04758361354470253
115,0.0016782519531250001,0.053172387182712555
42,0.006673251953125,0.04748065024614334
60,0.00042950195312500003,0.05665937438607216
133,0.005424501953125,0.04761228337883949
96,0.002927001953125,0.04831217974424362
24,0.007922001953125,0.047252196818590164
33,0.0023026269531250003,0.047715455293655396
105,0.007297626953125,0.047633420675992966
142,0.004800126953125,0.047715432941913605
69,0.009795126953125,0.047563470900058746
51,0.003551376953125,0.04774734377861023
124,0.008546376953125,0.04764870926737785
87,0.0010538769531250002,0.058300185948610306
15,0.006048876953125,0.046808525919914246
19,0.0007416894531250001,0.047685734927654266
92,0.005736689453125,0.04763863608241081
128,0.003239189453125,0.04877162724733353
56,0.008234189453125,0.047471363097429276
74,0.004487939453125,0.04747053608298302
146,0.009482939453125,0.04773607850074768
110,0.0019904394531250003,0.048543743789196014
37,0.006985439453125,0.04732862487435341
28,0.0026148144531250002,0.047709327191114426
101,0.007609814453125,0.04762567952275276
137,0.000117314453125,0.24126668274402618
65,0.005112314453125,0.04760678485035896
47,0.0013660644531250001,0.04810653254389763
119,0.006361064453125,0.047572243958711624
83,0.003863564453125,0.0476158931851387
10,0.008858564453125,0.046766310930252075
13,0.001834345703125,0.04772710055112839
85,0.006829345703125,0.04757862538099289
121,0.004331845703125,0.047798268496990204
49,0.009326845703125,0.04728219658136368
67,0.003083095703125,0.04768854007124901
139,0.008078095703125,0.047770000994205475
103,0.000585595703125,0.07603102177381516
31,0.005580595703125,0.047332510352134705
40,0.004956220703125,0.047462962567806244
112,0.009951220703125,0.04757770895957947
149,0.0024587207031250002,0.05214677378535271
76,0.007453720703125,0.047604456543922424
58,0.0012099707031250002,0.04890422150492668
130,0.006204970703125,0.04776797443628311
94,0.003707470703125,0.047676749527454376
22,0.008702470703125,0.04681827127933502
17,0.003395283203125,0.047500502318143845
90,0.008390283203125,0.04772941768169403
126,0.0008977832031250001,0.06944101303815842
53,0.005892783203125,0.04758765548467636
71,0.0021465332031250003,0.04805174842476845
144,0.007141533203125,0.04760202392935753
108,0.004644033203125,0.04753129556775093
35,0.009639033203125,0.04746716469526291
26,0.00027340820312500005,0.07153937220573425
99,0.005268408203125,0.04776421934366226
135,0.002770908203125,0.04969751089811325
62,0.007765908203125,0.04776338115334511
44,0.004019658203125,0.04775984585285187
117,0.009014658203125,0.047668542712926865
81,0.0015221582031250001,0.050730716437101364
8,0.006517158203125,0.04684535041451454
7,0.000507548828125,0.047786567360162735
79,0.005502548828125,0.04760097712278366
116,0.003005048828125,0.05126667395234108
43,0.008000048828125,0.04731634631752968
61,0.004253798828125,0.04769901558756828
134,0.009248798828125,0.04752834141254425
98,0.001756298828125,0.049486033618450165
25,0.006751298828125,0.04731685668230057
34,0.003629423828125,0.047845713794231415
107,0.008624423828125,0.04770676791667938
143,0.0011319238281250002,0.05722352862358093
70,0.006126923828125,0.04770379140973091
52,0.0023806738281250002,0.047670431435108185
125,0.007375673828125,0.047657787799835205
88,0.0048781738281249995,0.047683387994766235
16,0.009873173828125,0.04652965068817139
21,0.004565986328125,0.04732160642743111
93,0.009560986328125,0.04754034802317619
129,0.0020684863281250003,0.052354734390974045
57,0.007063486328125,0.04745679721236229
75,0.0008197363281250001,0.06162513047456741
147,0.005814736328125,0.04770425707101822
111,0.003317236328125,0.048525843769311905
39,0.008312236328125,0.04739831015467644
30,0.0014441113281250001,0.04772956296801567
102,0.006439111328125,0.04764043912291527
138,0.003941611328125,0.048081688582897186
66,0.008936611328125,0.047416720539331436
48,0.002692861328125,0.04788669943809509
120,0.007687861328125,0.04751484468579292
84,0.000195361328125,0.10302181541919708
11,0.0051903613281249995,0.04647732898592949
9,0.002848955078125,0.047142937779426575
82,0.007843955078125001,0.04772499203681946
118,0.00035145507812500004,0.14962302148342133
45,0.005346455078125,0.04750894010066986
64,0.0016002050781250001,0.04885995760560036
136,0.006595205078125,0.04770222306251526
100,0.004097705078125,0.04800741374492645
27,0.009092705078125,0.046833474189043045
36,0.0009758300781250001,0.04877327382564545
109,0.005970830078125,0.047751665115356445
145,0.003473330078125,0.048160988837480545
73,0.008468330078125001,0.04760970547795296
54,0.0047220800781249996,0.047796931117773056
127,0.009717080078125,0.0474543571472168
91,0.0022245800781250003,0.049539580941200256
18,0.007219580078125,0.046699438244104385
14,0.001912392578125,0.04754074290394783
86,0.006907392578125,0.04756030812859535
122,0.004409892578125,0.04802612215280533
50,0.009404892578125,0.04723019525408745
68,0.003161142578125,0.04778575152158737
141,0.008156142578125001,0.04757026582956314
104,0.0006636425781250001,0.0689716786146164
32,0.005658642578125,0.04736734926700592
23,0.003785517578125,0.047335390001535416
95,0.008780517578125,0.04756912589073181
132,0.0012880175781250002,0.05390140041708946
59,0.006283017578125,0.04770948365330696
41,3.9267578125e-05,0.31183668971061707
113,0.0050342675781249995,0.047496385872364044
77,0.0025367675781250002,0.04787373170256615
