77,0.005005,0.11857783049345016
113,0.0025075,0.12067361921072006
41,0.0075025000000000005,0.11839060485363007
59,0.0037562500000000005,0.11891081929206848
131,0.00875125,0.11882616579532623
95,0.00125875,0.1338401436805725
23,0.00625375,0.11803214251995087
32,0.003131875,0.1188410297036171
104,0.008126875,0.11895042657852173
140,0.0006343750000000001,0.13971193134784698
68,0.005629375,0.11889234930276871
50,0.0018831250000000003,0.11951114982366562
122,0.006878125,0.11911533027887344
86,0.004380625,0.11852233856916428
14,0.009375625,0.1174207329750061
18,0.0046928125,0.11814271658658981
91,0.0096878125,0.11882144212722778
127,0.0021953125,0.1242000162601471
54,0.0071903125,0.11851413547992706
72,0.0009465625000000001,0.12496739625930786
145,0.0059415625,0.11928818374872208
109,0.0034440625,0.12053102254867554
36,0.0084390625,0.11810288578271866
27,0.0015709375,0.11889707297086716
100,0.0065659375,0.11893206089735031
136,0.0040684375,0.11960381269454956
63,0.0090634375,0.11847468465566635
45,0.0028196875,0.11863493919372559
118,0.0078146875,0.11864421516656876
82,0.00032218750000000005,0.1694001406431198
9,0.0053171875,0.11728758364915848
11,0.00266359375,0.1180785521864891
84,0.0076585937500000005,0.1187492236495018
120,0.00016609375,0.31045442819595337
48,0.00516109375,0.1185675859451294
66,0.00141484375,0.12325501441955566
138,0.00640984375,0.11906564235687256
102,0.00391234375,0.1186821311712265
29,0.00890734375,0.1180679127573967
38,0.00079046875,0.12286044657230377
111,0.00578546875,0.11898018419742584
147,0.00328796875,0.12299757450819016
75,0.00828296875,0.11880017817020416
57,0.00453671875,0.11849907785654068
129,0.00953171875,0.1189858689904213
93,0.0020392187500000002,0.12192685157060623
20,0.00703421875,0.11778794974088669
16,0.00235140625,0.1185050681233406
88,0.00734640625,0.11881178617477417
125,0.00484890625,0.11906425654888153
52,0.00984390625,0.11839539557695389
70,0.00360015625,0.11837364733219147
143,0.00859515625,0.11814340204000473
106,0.0011026562500000001,0.12232527881860733
34,0.00609765625,0.11846321821212769
25,0.00422453125,0.11842011660337448
97,0.00921953125,0.11840213090181351
134,0.00172703125,0.13364586234092712
61,0.00672203125,0.11858613789081573
43,0.0004782812500000001,0.1245604008436203
116,0.00547328125,0.11897772550582886
79,0.00297578125,0.11933976411819458
7,0.00797078125,0.11723407357931137
8,0.003990390625,0.11722639203071594
80,0.008985390625,0.11836409568786621
117,0.001492890625,0.1339350938796997
44,0.006487890625,0.11854886263608932
62,0.00024414062500000005,0.18776561319828033
135,0.005239140625,0.11864657700061798
99,0.002741640625,0.12177326530218124
26,0.007736640625,0.11801371723413467
35,0.0021172656250000002,0.11841969937086105
108,0.007112265625,0.11817339062690735
144,0.0046147656249999995,0.11970829218626022
71,0.009609765625,0.11854463815689087
53,0.003366015625,0.11889012157917023
126,0.008361015625,0.11825922131538391
89,0.000868515625,0.12938028573989868
17,0.005863515625,0.11783578246831894
21,0.0011807031250000001,0.11910946667194366
94,0.006175703125,0.11810895800590515
130,0.003678203125,0.12011582404375076
58,0.008673203125,0.1184745505452156
76,0.0049269531249999995,0.11897845566272736
148,0.009921953125,0.11889654397964478
112,0.002429453125,0.11933013051748276
40,0.007424453125,0.11832336336374283
31,0.003053828125,0.11845628172159195
103,0.008048828125,0.11795980483293533
139,0.0005563281250000001,0.14860878884792328
67,0.005551328125,0.11858497560024261
49,0.001805078125,0.11926228553056717
121,0.006800078125,0.1190510168671608
85,0.0043025781249999995,0.11922352015972137
12,0.009297578125,0.11715270578861237
10,0.001336796875,0.11841186881065369
83,0.006331796875,0.11838293820619583
119,0.0038342968750000005,0.11898424476385117
46,0.008829296875,0.11814888566732407
65,0.002585546875,0.1190105453133583
137,0.007580546875,0.1191604882478714
101,8.8046875e-05,0.4090830683708191
28,0.005083046875,0.11837742477655411
37,0.0044586718749999995,0.11859992146492004
110,0.009453671875,0.11874649673700333
146,0.0019611718750000002,0.1318795084953308
74,0.006956171875,0.11853332817554474
55,0.0007124218750000001,0.12198864668607712
128,0.005707421875,0.11944632232189178
92,0.003209921875,0.11927265673875809
19,0.008204921875,0.11721832305192947
15,0.003522109375,0.11825019121170044
87,0.008517109375,0.11883450299501419
123,0.0010246093750000001,0.14584137499332428
51,0.006019609375,0.11860637366771698
69,0.002273359375,0.11963662505149841
142,0.007268359375,0.11856748163700104
105,0.0047708593749999995,0.11915223300457001
33,0.009765859375,0.1180785745382309
24,0.00040023437500000004,0.13294285535812378
96,0.005395234375,0.1191408783197403
133,0.002897734375,0.12149827182292938
60,0.007892734375,0.11845441162586212
42,0.0041464843749999996,0.11872665584087372
114,0.009141484375,0.11782141774892807
78,0.001648984375,0.12613894045352936
6,0.006643984375,0.11727122962474823
6,0.0033269921875000003,0.11732546240091324
79,0.0083219921875,0.11853079497814178
115,0.0008294921875,0.14648756384849548
42,0.0058244921875,0.11851885914802551
61,0.0020782421875,0.11922132223844528
133,0.0070732421875,0.11868113279342651
97,0.0045757421875,0.11880377680063248
24,0.0095707421875,0.11757313460111618
33,0.0002051171875,0.1499837040901184
106,0.0052001171875,0.11900677531957626
142,0.0027026171875000004,0.12068810313940048
70,0.0076976171875,0.11842171102762222
52,0.0039513671875,0.11890002340078354
124,0.0089463671875,0.11866172403097153
88,0.0014538671875,0.12260998040437698
15,0.0064488671875,0.11756956577301025
20,0.0017660546875,0.11855649203062057
92,0.0067610546875,0.1188247874379158
129,0.0042635546875,0.1192895919084549
56,0.0092585546875,0.11846128106117249
74,0.0030148046875000003,0.1190527006983757
147,0.0080098046875,0.11896874010562897
110,0.0005173046875000001,0.15655864775180817
38,0.0055123046875,0.11815083026885986
29,0.0048879296875,0.11845503002405167
101,0.0098829296875,0.11862067133188248
138,0.0023904296875,0.12177929282188416
65,0.0073854296875,0.11842721700668335
47,0.0011416796875000001,0.1214778944849968
119,0.0061366796874999996,0.11827190220355988
83,0.0036391796875000003,0.11902166903018951
11,0.0086341796875,0.11684934794902802
13,0.0006733984375000001,0.11918346583843231
85,0.0056683984375,0.11869627982378006
122,0.0031708984375000003,0.12168673425912857
49,0.0081658984375,0.11836151778697968
67,0.0044196484375,0.11879392713308334
140,0.009414648437500001,0.1184520348906517
104,0.0019221484375000002,0.12385428696870804
31,0.0069171484375,0.1178286001086235
40,0.0025465234375000004,0.11880084872245789
113,0.0075415234375,0.1182045042514801
149,4.90234375e-05,0.866248607635498
76,0.0050440234375,0.11883033812046051
58,0.0012977734375,0.11969547718763351
131,0.0062927734375,0.11893025785684586
95,0.0037952734375000003,0.11953052878379822
22,0.008790273437500001,0.11770779639482498
18,0.0041074609375,0.11821655184030533
90,0.009102460937500001,0.11817494034767151
126,0.0016099609375,0.12065955251455307
54,0.0066049609375,0.11859380453824997
72,0.00036121093750000004,0.1749105155467987
144,0.0053562109375,0.11850517988204956
108,0.0028587109375000004,0.12062469124794006
36,0.0078537109375,0.11815164238214493
27,0.0022343359375,0.11862384527921677
99,0.0072293359375,0.1189296692609787
135,0.0047318359375,0.11907064914703369
63,0.009726835937500001,0.11839951574802399
45,0.0034830859375000003,0.11855257302522659
117,0.0084780859375,0.11863738298416138
81,0.0009855859375000001,0.13206467032432556
8,0.0059805859375,0.11699294298887253
7,0.0020001953125,0.11802435666322708
80,0.0069951953125,0.11817736178636551
116,0.0044976953125,0.11926747858524323
44,0.0094926953125,0.11828885972499847
62,0.0032489453125000003,0.11820348352193832
134,0.0082439453125,0.11829473823308945
98,0.0007514453125,0.14995525777339935
25,0.0057464453125,0.11825739592313766
35,0.0038733203125000002,0.11823584139347076
107,0.0088683203125,0.11841197311878204
143,0.0013758203125,0.12351813167333603
71,0.0063708203125,0.1187499612569809
53,0.0001270703125,0.19489096105098724
125,0.0051220703125,0.11923328042030334
89,0.0026245703125000004,0.11979084461927414
16,0.0076195703125,0.1174454316496849
21,0.0029367578125000003,0.1185920387506485
93,0.0079317578125,0.11846039444208145
130,0.00043925781250000003,0.18857425451278687
57,0.0054342578125,0.11831028759479523
75,0.0016880078125,0.12122654169797897
148,0.0066830078125,0.11920562386512756
112,0.0041855078125,0.11966106295585632
39,0.0091805078125,0.11821792274713516
30,0.0010636328125000001,0.11916263401508331
102,0.0060586328125,0.11857087165117264
139,0.0035611328125000003,0.11938737332820892
66,0.0085561328125,0.11857940256595612
48,0.0048098828125,0.11847979575395584
121,0.0098048828125,0.11888611316680908
84,0.0023123828125,0.12154095619916916
12,0.0073073828125,0.11725901067256927
10,0.0046537890625,0.11742999404668808
82,0.0096487890625,0.11850225180387497
118,0.0021562890625,0.12593702971935272
46,0.0071512890625,0.11833272874355316
64,0.0009075390625,0.1275603026151657
136,0.0059025390625,0.1192341074347496
100,0.0034050390625000003,0.11982643604278564
28,0.0084000390625,0.11802611500024796
37,0.0015319140625,0.11912090331315994
109,0.0065269140625,0.11886435747146606
146,0.0040294140625,0.1197739988565445
73,0.0090244140625,0.11858966201543808
55,0.0027806640625000004,0.1191265657544136
127,0.0077756640625,0.11817163974046707
91,0.00028316406250000005,0.14655032753944397
19,0.0052781640625,0.11778661608695984
14,0.0005953515625000001,0.11922154575586319
87,0.0055903515625,0.11902940273284912
123,0.0030928515625000003,0.11973417550325394
50,0.0080878515625,0.11845307797193527
69,0.0043416015625,0.11878887563943863
141,0.0093366015625,0.11857017874717712
105,0.0018441015625,0.13293470442295074
32,0.0068391015625,0.1183147132396698
23,0.0037172265625000003,0.1184917762875557
96,0.0087122265625,0.11865877360105515
132,0.0012197265625,0.13544058799743652
59,0.0062147265625,0.11870791018009186
41,0.0024684765625,0.11902724206447601
114,0.0074634765625,0.1183052510023117
78,0.0049659765625,0.11888577789068222
5,0.0099609765625,0.11744087934494019
5,0.00498548828125,0.11719204485416412
78,0.00998048828125,0.11844023317098618
114,0.0024879882812500003,0.12276943027973175
42,0.00748298828125,0.11837209761142731
60,0.00123923828125,0.12093178182840347
132,0.00623423828125,0.11917731910943985
96,0.00373673828125,0.11965609341859818
23,0.00873173828125,0.11764615774154663
33,0.0018636132812500001,0.11900217086076736
105,0.00685861328125,0.11887223273515701
141,0.00436111328125,0.11963672935962677
69,0.00935611328125,0.11850336194038391
51,0.0031123632812500002,0.11881683766841888
123,0.00810736328125,0.11882995814085007
87,0.0006148632812500001,0.1627887636423111
14,0.0056098632812499995,0.11750340461730957
19,0.00030267578125000005,0.12576302886009216
91,0.0052976757812499995,0.11909916996955872
128,0.0028001757812500003,0.12248613685369492
55,0.00779517578125,0.11853554844856262
73,0.00404892578125,0.11902113258838654
146,0.00904392578125,0.1189887523651123
110,0.0015514257812500002,0.12382571399211884
37,0.00654642578125,0.1184181198477745
28,0.00342455078125,0.11853189021348953
101,0.00841955078125,0.11855337023735046
137,0.00092705078125,0.14266999065876007
64,0.00592205078125,0.11874452978372574
46,0.0021758007812500003,0.1188788041472435
119,0.00717080078125,0.11821446567773819
82,0.00467330078125,0.11915237456560135
10,0.00966830078125,0.11719262599945068
12,0.0023318945312500003,0.1183248981833458
85,0.00732689453125,0.11870314180850983
121,0.00482939453125,0.11942877620458603
48,0.00982439453125,0.11818623542785645
67,0.00358064453125,0.11904988437891006
139,0.008575644531250001,0.11905994266271591
103,0.00108314453125,0.1257495880126953
30,0.00607814453125,0.11831410974264145
39,0.00420501953125,0.11874303966760635
112,0.00920001953125,0.11832209676504135
148,0.0017075195312500002,0.12647745013237
76,0.00670251953125,0.118598073720932
57,0.00045876953125000003,0.13912096619606018
130,0.0054537695312499995,0.11914181709289551
94,0.0029562695312500002,0.11960116028785706
21,0.00795126953125,0.1176268681883812
17,0.0026440820312500003,0.11843404173851013
89,0.00763908203125,0.11867622286081314
125,0.00014658203125,0.32328906655311584
53,0.0051415820312499996,0.11881186068058014
71,0.0013953320312500002,0.12156626582145691
144,0.00639033203125,0.11821190267801285
107,0.00389283203125,0.11954531073570251
35,0.008887832031250001,0.11798256635665894
26,0.00077095703125,0.12064356356859207
98,0.00576595703125,0.11826179921627045
134,0.00326845703125,0.12003219872713089
62,0.008263457031250001,0.1183239221572876
44,0.00451720703125,0.1185208261013031
116,0.00951220703125,0.11873123049736023
80,0.0020197070312500003,0.12196547538042068
8,0.00701470703125,0.11702588200569153
9,0.00100509765625,0.11878933012485504
81,0.00600009765625,0.11893198639154434
117,0.00350259765625,0.11949563771486282
45,0.00849759765625,0.11824319511651993
63,0.00475134765625,0.11875028908252716
136,0.00974634765625,0.11890807747840881
99,0.0022538476562500003,0.11919473856687546
27,0.00724884765625,0.11810113489627838
36,0.0028782226562500002,0.11849112808704376
108,0.00787322265625,0.11792609095573425
145,0.00038072265625000004,0.17072279751300812
72,0.00537572265625,0.11843875050544739
54,0.0016294726562500002,0.11967930942773819
127,0.00662447265625,0.11820327490568161
90,0.00412697265625,0.1182602122426033
18,0.00912197265625,0.11735304445028305
22,0.00381478515625,0.11847222596406937
95,0.00880978515625,0.11888563632965088
131,0.0013172851562500002,0.13158850371837616
59,0.00631228515625,0.11876875162124634
77,6.853515625e-05,0.29502731561660767
149,0.00506353515625,0.11950376629829407
113,0.0025660351562500003,0.12116190791130066
40,0.00756103515625,0.11831005662679672
31,0.0019416601562500001,0.11853160709142685
104,0.00693666015625,0.1188906729221344
140,0.00443916015625,0.11954768747091293
68,0.00943416015625,0.1185687929391861
50,0.00319041015625,0.11902937293052673
122,0.00818541015625,0.1189739927649498
86,0.0006929101562500001,0.13044340908527374
13,0.00568791015625,0.11762893944978714
11,0.00365869140625,0.11769083142280579
84,0.00865369140625,0.11873909831047058
120,0.00116119140625,0.12657341361045837
47,0.00615619140625,0.11844641715288162
65,0.0024099414062500003,0.11991751194000244
138,0.00740494140625,0.11899344623088837
102,0.00490744140625,0.11876612156629562
29,0.00990244140625,0.11794733256101608
38,0.0005368164062500001,0.13400933146476746
111,0.00553181640625,0.11881683021783829
147,0.0030343164062500002,0.12453345954418182
74,0.00802931640625,0.11845232546329498
56,0.00428306640625,0.11894385516643524
129,0.00927806640625,0.11890710145235062
93,0.0017855664062500002,0.11924495548009872
20,0.00678056640625,0.11783359944820404
16,0.0014733789062500002,0.11879809945821762
88,0.00646837890625,0.11884468048810959
124,0.00397087890625,0.11928939074277878
52,0.00896587890625,0.11843369901180267
70,0.0027221289062500003,0.11920385807752609
142,0.00771712890625,0.11856712400913239
106,0.00022462890625,0.22005274891853333
34,0.00521962890625,0.11853289604187012
25,0.00459525390625,0.118385449051857
97,0.00959025390625,0.11831510812044144
133,0.0020977539062500003,0.1294335573911667
61,0.00709275390625,0.11858531832695007
43,0.00084900390625,0.12130825966596603
115,0.00584400390625,0.11916326731443405
79,0.00334650390625,0.11911432445049286
6,0.00834150390625,0.11729545146226883
6,0.0016684960937500002,0.11811018735170364
78,0.00666349609375,0.1188240572810173
115,0.00416599609375,0.11930433660745621
42,0.00916099609375,0.11828232556581497
60,0.00291724609375,0.11885977536439896
133,0.00791224609375,0.11859260499477386
97,0.00041974609375000003,0.19666986167430878
24,0.00541474609375,0.11817976087331772
33,0.00479037109375,0.1185370460152626
106,0.00978537109375,0.11853207647800446
142,0.00229287109375,0.11845545470714569
69,0.00728787109375,0.11851674318313599
51,0.00104412109375,0.1221747100353241
124,0.00603912109375,0.11897077411413193
87,0.0035416210937500004,0.11964304000139236
15,0.00853662109375,0.11727520823478699
20,0.0032294335937500004,0.11848755925893784
92,0.00822443359375,0.11864205449819565
128,0.00073193359375,0.14676935970783234
56,0.00572693359375,0.11878160387277603
74,0.00198068359375,0.11999493092298508
146,0.0069756835937500004,0.11911921948194504
110,0.00447818359375,0.11906828731298447
38,0.00947318359375,0.11752532422542572
29,0.00010755859375,0.16698166728019714
101,0.00510255859375,0.11911871284246445
137,0.00260505859375,0.12393461167812347
65,0.00760005859375,0.11846821755170822
47,0.0038538085937500004,0.11853263527154922
119,0.00884880859375,0.11827864497900009
83,0.0013563085937500002,0.12608040869235992
10,0.00635130859375,0.11736685037612915
13,0.00432208984375,0.11787806451320648
85,0.00931708984375,0.11861876398324966
121,0.0018245898437500001,0.1265939623117447
49,0.00681958984375,0.11855495721101761
67,0.0005758398437500001,0.12674662470817566
140,0.00557083984375,0.11900356411933899
103,0.00307333984375,0.11889193207025528
31,0.00806833984375,0.1178245097398758
40,0.00244896484375,0.1189476028084755
112,0.00744396484375,0.11863841116428375
149,0.00494646484375,0.11903420090675354
76,0.009941464843750001,0.11853426694869995
58,0.0036977148437500004,0.11876745522022247
131,0.00869271484375,0.11894044280052185
94,0.00120021484375,0.12918484210968018
22,0.00619521484375,0.11810082942247391
17,0.00088802734375,0.1190490871667862
90,0.00588302734375,0.11843156814575195
126,0.0033855273437500004,0.12007798999547958
53,0.00838052734375,0.11846394091844559
72,0.00463427734375,0.11859139055013657
144,0.009629277343750001,0.11791975051164627
108,0.00213677734375,0.12228493392467499
35,0.00713177734375,0.11793238669633865
26,0.00276115234375,0.11856263130903244
99,0.00775615234375,0.11891879141330719
135,0.00026365234375000005,0.23481927812099457
63,0.00525865234375,0.11856547743082047
44,0.0015124023437500002,0.11965693533420563
117,0.00650740234375,0.11891797184944153
81,0.00400990234375,0.11914330720901489
8,0.00900490234375,0.11712457239627838
7,0.00299529296875,0.11757051199674606
80,0.00799029296875,0.11839861422777176
116,0.0004977929687500001,0.17090140283107758
43,0.00549279296875,0.11853668838739395
61,0.0017465429687500002,0.12097201496362686
134,0.00674154296875,0.118829146027565
98,0.0042440429687499994,0.11892218142747879
25,0.00923904296875,0.11782675981521606
34,0.00112216796875,0.11974059790372849
107,0.00611716796875,0.11853840947151184
143,0.0036196679687500004,0.11937974393367767
70,0.00861466796875,0.11837515234947205
52,0.00486841796875,0.11885496228933334
125,0.00986341796875,0.11832449585199356
89,0.00237091796875,0.11993230879306793
16,0.00736591796875,0.11748241633176804
21,0.00205873046875,0.11850710958242416
93,0.00705373046875,0.11863505095243454
129,0.00455623046875,0.12030651420354843
57,0.00955123046875,0.11763837933540344
75,0.0033074804687500004,0.11924546211957932
148,0.00830248046875,0.11903999000787735
111,0.00080998046875,0.14069288969039917
39,0.00580498046875,0.11846333742141724
30,0.0039318554687499995,0.11855261772871017
102,0.00892685546875,0.11840131133794785
138,0.0014343554687500002,0.12921079993247986
66,0.00642935546875,0.11881458759307861
48,0.00018560546875,0.17871765792369843
120,0.00518060546875,0.11883949488401413
84,0.00268310546875,0.12127963453531265
12,0.00767810546875,0.11722543090581894
9,0.00034169921875000004,0.11922059208154678
82,0.00533669921875,0.11863744258880615
118,0.00283919921875,0.1224512979388237
46,0.00783419921875,0.11825192719697952
64,0.0040879492187499995,0.11900182068347931
136,0.00908294921875,0.11890603601932526
100,0.0015904492187500002,0.12212032079696655
27,0.00658544921875,0.1181769147515297
37,0.0034635742187500004,0.11867371946573257
109,0.00845857421875,0.11894411593675613
145,0.0009660742187500001,0.14021913707256317
73,0.00596107421875,0.11883027106523514
55,0.00221482421875,0.11942661553621292
127,0.00720982421875,0.11822117120027542
91,0.00471232421875,0.11919485032558441
18,0.00970732421875,0.11729031056165695
14,0.00440013671875,0.11768689006567001
86,0.00939513671875,0.11833555996417999
123,0.0019026367187500001,0.12526114284992218
50,0.00689763671875,0.11856793612241745
68,0.0006538867187500001,0.1380872130393982
141,0.00564888671875,0.11907088756561279
104,0.0031513867187500004,0.1213817447423935
32,0.00814638671875,0.11812151968479156
23,0.0012782617187500002,0.11913877725601196
95,0.00627326171875,0.11903931200504303
132,0.0037757617187500004,0.1202554777264595
59,0.00877076171875,0.11855258792638779
41,0.00252701171875,0.11895526945590973
114,0.00752201171875,0.11859224736690521
77,2.9511718750000004e-05,1.2160372734069824
5,0.00502451171875,0.11719705909490585
5,0.0025172558593750003,0.11743128299713135
77,0.007512255859375,0.11835117638111115
114,1.9755859375e-05,0.8568252921104431
41,0.005014755859375,0.11863457411527634
59,0.001268505859375,0.12306354939937592
132,0.006263505859375,0.11910802125930786
96,0.003766005859375,0.11958887428045273
23,0.008761005859375,0.11764226853847504
32,0.0006441308593750001,0.12328977137804031
105,0.005639130859375,0.11911025643348694
141,0.0031416308593750003,0.11961886286735535
68,0.008136630859375,0.11866830289363861
50,0.004390380859375,0.11854866147041321
123,0.009385380859375,0.11887364089488983
86,0.0018928808593750002,0.11956572532653809
14,0.006887880859375,0.11747663468122482
19,0.0022050683593750004,0.11854720115661621
91,0.007200068359375,0.11882541328668594
127,0.004702568359375,0.11918820440769196
55,0.009697568359375,0.11836251616477966
73,0.0034538183593750002,0.11914600431919098
145,0.008448818359375,0.11899612843990326
109,0.0009563183593750001,0.13718818128108978
37,0.005951318359375,0.11845405399799347
28,0.004078193359375,0.11854967474937439
100,0.009073193359375,0.11876259744167328
136,0.0015806933593750002,0.1278436779975891
64,0.006575693359375,0.11877462267875671
46,0.00033194335937500004,0.13126887381076813
118,0.005326943359375,0.11909501999616623
82,0.0028294433593750003,0.11937081068754196
9,0.007824443359375,0.1170712411403656
12,0.000175849609375,0.12870070338249207
84,0.005170849609375,0.11907844245433807
120,0.0026733496093750003,0.12417452782392502
48,0.007668349609375,0.11838605254888535
66,0.003922099609375,0.1190304085612297
139,0.008917099609375,0.11891084164381027
102,0.001424599609375,0.123494952917099
30,0.006419599609375,0.11819684505462646
39,0.0032977246093750003,0.11888836324214935
111,0.008292724609375,0.11849325150251389
148,0.0008002246093750001,0.153106689453125
75,0.005795224609375,0.11892732232809067
57,0.002048974609375,0.11910859495401382
130,0.007043974609375,0.11906442046165466
93,0.004546474609375,0.11883776634931564
21,0.009541474609375,0.11741441488265991
16,0.004858662109375,0.11798115074634552
89,0.009853662109375,0.11845817416906357
125,0.0023611621093750004,0.12283636629581451
53,0.007356162109375,0.11861763894557953
71,0.001112412109375,0.12481585890054703
143,0.006107412109375,0.11842631548643112
107,0.0036099121093750002,0.11926733702421188
34,0.008604912109375,0.11821144074201584
25,0.0017367871093750002,0.1189519390463829
98,0.006731787109375,0.11836493760347366
134,0.004234287109375,0.1189066544175148
62,0.009229287109375,0.11834578961133957
43,0.0029855371093750003,0.1187969446182251
116,0.007980537109375,0.11892885714769363
80,0.0004880371093750001,0.16898460686206818
7,0.005483037109375,0.1172797754406929
8,0.001502646484375,0.11832006275653839
81,0.006497646484375,0.1188192069530487
117,0.004000146484375,0.11988828331232071
45,0.008995146484375001,0.11818727105855942
63,0.0027513964843750003,0.11872737109661102
135,0.007746396484375,0.11810749024152756
99,0.00025389648437500005,0.18363596498966217
26,0.005248896484375,0.11836791038513184
36,0.004624521484375,0.11856783181428909
108,0.009619521484375,0.1181219145655632
144,0.002127021484375,0.12005525082349777
72,0.007122021484375,0.11837590485811234
54,0.0008782714843750001,0.13070999085903168
126,0.0058732714843749995,0.11845908313989639
90,0.0033757714843750002,0.11886068433523178
17,0.008370771484375,0.11739693582057953
22,0.003687958984375,0.11846907436847687
94,0.008682958984375001,0.11807931959629059
131,0.001190458984375,0.14405439794063568
58,0.006185458984375,0.11856921017169952
76,0.0024392089843750004,0.11919990181922913
149,0.007434208984375,0.11897185444831848
113,0.004936708984375,0.11870849877595901
40,0.009931708984375,0.11803743243217468
31,0.000566083984375,0.12589170038700104
103,0.005561083984375,0.11823941022157669
140,0.0030635839843750003,0.12237795442342758
67,0.008058583984375,0.11856609582901001
49,0.004312333984375,0.11852933466434479
122,0.009307333984375001,0.11882374435663223
85,0.0018148339843750002,0.12509489059448242
13,0.006809833984375,0.11743967980146408
11,0.003844052734375,0.11762700229883194
83,0.008839052734375,0.11840233206748962
119,0.001346552734375,0.1271401345729828
47,0.006341552734375,0.11842110008001328
65,9.7802734375e-05,0.3379732072353363
137,0.005092802734375,0.1191767081618309
101,0.0025953027343750003,0.12220995873212814
29,0.007590302734375,0.11817535758018494
38,0.001970927734375,0.11913453787565231
110,0.006965927734375,0.11891725659370422
147,0.004468427734375,0.12038674205541611
74,0.009463427734375,0.11833604425191879
56,0.0032196777343750003,0.11909284442663193
128,0.008214677734375,0.11905410140752792
92,0.0007221777343750001,0.14021530747413635
20,0.0057171777343749995,0.11803915351629257
15,0.001034365234375,0.11830034852027893
88,0.006029365234375,0.11875466257333755
124,0.0035318652343750002,0.12066397070884705
51,0.008526865234375,0.11839548498392105
69,0.004780615234375,0.11887228488922119
142,0.009775615234375,0.11834311485290527
106,0.0022831152343750004,0.12256079912185669
33,0.007278115234375,0.11824263632297516
24,0.0029074902343750003,0.11855427920818329
97,0.007902490234375,0.11847752332687378
133,0.00040999023437500004,0.21090012788772583
60,0.005404990234375,0.11849004775285721
42,0.0016587402343750002,0.11941306293010712
115,0.006653740234375,0.1189219132065773
79,0.004156240234375,0.11887864768505096
6,0.009151240234375,0.11728115379810333
7,0.0008392480468750001,0.11857408285140991
79,0.005834248046875,0.11868833005428314
115,0.003336748046875,0.11992840468883514
43,0.008331748046875,0.11831274628639221
61,0.004585498046875,0.11888041347265244
133,0.009580498046875,0.11846460402011871
97,0.002087998046875,0.12049561738967896
25,0.007082998046875,0.11811403930187225
34,0.002712373046875,0.11894596368074417
106,0.007707373046875,0.1187921017408371
143,0.000214873046875,0.29755884408950806
70,0.005209873046875,0.11837814748287201
52,0.001463623046875,0.12143725901842117
124,0.006458623046875,0.11897855252027512
88,0.003961123046875,0.11923583596944809
16,0.008956123046875,0.11729054152965546
20,0.004273310546875,0.11826860159635544
93,0.009268310546875,0.11843416839838028
129,0.0017758105468750002,0.12469647824764252
56,0.006770810546875,0.11865739524364471
75,0.000527060546875,0.14671669900417328
147,0.005522060546875,0.11944408714771271
111,0.003024560546875,0.12047027051448822
38,0.008019560546875,0.11772288382053375
29,0.002400185546875,0.118877112865448
102,0.0073951855468750004,0.11838724464178085
138,0.004897685546875,0.11958665400743484
66,0.009892685546875,0.11845919489860535
47,0.0036489355468750004,0.11856774985790253
120,0.008643935546875,0.11789931356906891
84,0.001151435546875,0.13473187386989594
11,0.006146435546875,0.11705948412418365
13,0.003180654296875,0.11820603907108307
86,0.008175654296875,0.118277907371521
122,0.0006831542968750001,0.1577005386352539
50,0.005678154296875,0.11846636980772018
68,0.0019319042968750002,0.12029274553060532
140,0.006926904296875,0.11913512647151947
104,0.004429404296875,0.11916986107826233
32,0.009424404296875,0.1180337592959404
41,5.8779296875e-05,0.3037338852882385
113,0.005053779296875,0.118940569460392
149,0.002556279296875,0.13101047277450562
77,0.007551279296875,0.11844775080680847
59,0.0038050292968750004,0.11890231817960739
131,0.008800029296875,0.11877407133579254
95,0.001307529296875,0.12612397968769073
22,0.006302529296875,0.11807036399841309
18,0.0016197167968750002,0.11871489137411118
90,0.006614716796875,0.11824490129947662
127,0.004117216796875,0.11913803219795227
54,0.009112216796875,0.11831182986497879
72,0.002868466796875,0.1185736432671547
145,0.007863466796875,0.11920332908630371
109,0.00037096679687500004,0.17681598663330078
36,0.005365966796875,0.11851591616868973
27,0.004741591796875,0.11821327358484268
100,0.009736591796875001,0.11866846680641174
136,0.002244091796875,0.12723620235919952
63,0.0072390917968750005,0.11851894110441208
45,0.000995341796875,0.12141474336385727
118,0.005990341796875,0.11912674456834793
81,0.0034928417968750004,0.11920753866434097
9,0.008487841796875,0.11706826090812683
8,0.0045074511718749995,0.11711873859167099
80,0.009502451171875,0.11838212609291077
117,0.002009951171875,0.12245860695838928
44,0.007004951171875,0.11852278560400009
62,0.0007612011718750001,0.12659952044487
135,0.005756201171875,0.11782456189393997
98,0.003258701171875,0.11955147981643677
26,0.008253701171875,0.11794015020132065
35,0.001385576171875,0.11971370130777359
107,0.006380576171875,0.11861354857683182
144,0.0038830761718750004,0.11884897202253342
71,0.008878076171875,0.11855941265821457
53,0.002634326171875,0.1190754696726799
126,0.007629326171875,0.11822666972875595
89,0.000136826171875,0.22510258853435516
17,0.005131826171875,0.11800067871809006
21,0.00044901367187500003,0.12462663650512695
94,0.005444013671875,0.11812862008810043
130,0.002946513671875,0.12289953231811523
58,0.007941513671875,0.1184353455901146
76,0.0041952636718749995,0.11884981393814087
148,0.009190263671875,0.11888810247182846
112,0.0016977636718750002,0.12730266153812408
39,0.006692763671875,0.1184186190366745
30,0.0035708886718750004,0.11858847737312317
103,0.008565888671875,0.11796154081821442
139,0.001073388671875,0.13553407788276672
67,0.006068388671875,0.11867427080869675
49,0.002322138671875,0.11894935369491577
121,0.007317138671875,0.11903867870569229
85,0.004819638671875,0.11901696026325226
12,0.009814638671875,0.11715090274810791
10,0.002166044921875,0.11820599436759949
83,0.007161044921875,0.11845611035823822
119,0.0046635449218749995,0.1189313679933548
46,0.009658544921875,0.11806578189134598
64,0.003414794921875,0.11911780387163162
137,0.008409794921875,0.11883501708507538
101,0.0009172949218750001,0.13506610691547394
28,0.005912294921875,0.11832822859287262
37,0.0040391699218749995,0.11871026456356049
110,0.009034169921875,0.1187007948756218
146,0.001541669921875,0.1249556690454483
73,0.006536669921875,0.11876782029867172
55,0.00029291992187500005,0.15790820121765137
128,0.005287919921875,0.11937521398067474
92,0.002790419921875,0.11902924627065659
19,0.007785419921875,0.11728513240814209
15,0.003102607421875,0.11833325773477554
87,0.008097607421875,0.11887236684560776
123,0.000605107421875,0.14760689437389374
51,0.005600107421875,0.11858051270246506
69,0.0018538574218750002,0.12048017233610153
141,0.006848857421875,0.11878163367509842
105,0.0043513574218749995,0.11903025954961777
33,0.009346357421875,0.11812913417816162
24,0.001229482421875,0.11899615824222565
96,0.006224482421875,0.11884623020887375
132,0.0037269824218750004,0.12038294225931168
60,0.008721982421875,0.11840789020061493
42,0.004975732421875,0.11857294291257858
114,0.009970732421875,0.11798468977212906
78,0.002478232421875,0.11921174079179764
5,0.007473232421875,0.1172800064086914
5,0.002497744140625,0.11743868142366409
78,0.007492744140625,0.11885610967874527
114,0.004995244140625,0.11935917288064957
41,0.009990244140625,0.11823064088821411
60,0.0037464941406250003,0.11846866458654404
132,0.008741494140625,0.11876924335956573
96,0.0012489941406250002,0.1273951679468155
23,0.006243994140625,0.11803365498781204
32,0.004370869140625,0.11858730763196945
105,0.009365869140625,0.11873599886894226
141,0.001873369140625,0.1266888976097107
69,0.006868369140625,0.11853083968162537
51,0.000624619140625,0.13384264707565308
123,0.005619619140625,0.11921151727437973
87,0.0031221191406250004,0.11954087018966675
14,0.008117119140625,0.11745041608810425
19,0.002809931640625,0.11845087260007858
91,0.007804931640625,0.118874192237854
128,0.00031243164062500005,0.20354506373405457
55,0.005307431640625,0.1186378076672554
73,0.0015611816406250001,0.12062358111143112
146,0.0065561816406249996,0.11923564225435257
109,0.004058681640625,0.11947742104530334
37,0.009053681640625,0.11820750683546066
28,0.0009368066406250001,0.12020568549633026
100,0.005931806640625,0.11905784904956818
137,0.0034343066406250003,0.12003084272146225
64,0.008429306640625,0.11854133754968643
46,0.004683056640625,0.11859384179115295
118,0.009678056640625,0.11846014857292175
82,0.002185556640625,0.12108197808265686
10,0.007180556640625,0.1173131987452507
12,0.004839150390625,0.1176849827170372
85,0.009834150390625001,0.11855005472898483
121,0.002341650390625,0.1251116245985031
48,0.007336650390625,0.11843420565128326
66,0.0010929003906250002,0.1235395073890686
139,0.006087900390625,0.1191423162817955
103,0.0035904003906250003,0.11836472153663635
30,0.008585400390625,0.11796555668115616
39,0.001717275390625,0.11941438913345337
112,0.006712275390625,0.11856228113174438
148,0.004214775390625,0.11931118369102478
75,0.009209775390625001,0.11864881962537766
57,0.0029660253906250004,0.11890625953674316
130,0.007961025390625,0.11894097924232483
94,0.00046852539062500003,0.14682915806770325
21,0.005463525390625,0.11806333810091019
17,0.000156337890625,0.1510886698961258
89,0.005151337890625,0.11874323338270187
125,0.002653837890625,0.12197074294090271
53,0.007648837890625,0.11852506548166275
71,0.0039025878906250003,0.11880370229482651
143,0.008897587890625,0.11803556233644485
107,0.0014050878906250001,0.130014106631279
35,0.006400087890625,0.11796456575393677
26,0.0032782128906250004,0.11854291707277298
98,0.008273212890625,0.11839007586240768
134,0.0007807128906250001,0.13724952936172485
62,0.005775712890625,0.11835029721260071
44,0.002029462890625,0.11924728006124496
116,0.007024462890625,0.11882764101028442
80,0.004526962890625,0.11870935559272766
7,0.009521962890625001,0.11725800484418869
9,0.0035123535156250003,0.1177210733294487
81,0.008507353515625,0.11871708184480667
117,0.0010148535156250002,0.14176404476165771
45,0.006009853515625,0.11853423714637756
63,0.002263603515625,0.11954593658447266
135,0.007258603515625,0.11800181120634079
99,0.004761103515625,0.11923600733280182
27,0.009756103515625,0.11775489151477814
36,0.00039047851562500004,0.14153887331485748
108,0.005385478515625,0.11826816946268082
145,0.0028879785156250004,0.12005933374166489
72,0.007882978515625,0.11841561645269394
54,0.004136728515625,0.11845903843641281
126,0.009131728515625,0.11838728189468384
90,0.0016392285156250001,0.12136375904083252
18,0.006634228515625,0.1177273765206337
22,0.0013270410156250001,0.11906389147043228
95,0.006322041015625,0.1189374253153801
131,0.0038245410156250003,0.12054850161075592
58,0.008819541015625,0.11844246089458466
77,0.002575791015625,0.11948490142822266
149,0.007570791015625,0.11891532689332962
113,7.8291015625e-05,0.43181926012039185
40,0.005073291015625,0.1186513751745224
31,0.004448916015625,0.11806939542293549
104,0.009443916015625,0.11880777776241302
140,0.001951416015625,0.13231202960014343
68,0.006946416015625,0.11878775805234909
49,0.0007026660156250001,0.12407954037189484
122,0.005697666015625,0.11925917118787766
86,0.0032001660156250004,0.11911195516586304
13,0.008195166015625,0.11729070544242859
11,0.0011709472656250002,0.1187773048877716
83,0.006165947265625,0.11843445152044296
120,0.0036684472656250003,0.11899734288454056
47,0.008663447265625,0.11818567663431168
65,0.004917197265625,0.11866287142038345
138,0.009912197265625,0.11883915960788727
101,0.002419697265625,0.1197623461484909
29,0.007414697265625,0.1181827038526535
38,0.0030440722656250004,0.11888911575078964
111,0.008039072265625,0.11887618899345398
147,0.000546572265625,0.14916259050369263
74,0.005541572265625,0.1185588538646698
56,0.001795322265625,0.12002582103013992
129,0.006790322265625,0.11916488409042358
92,0.004292822265625,0.11924546211957932
20,0.009287822265625,0.11745136976242065
15,0.003980634765624999,0.11814974993467331
88,0.008975634765625,0.11866305768489838
124,0.0014831347656250001,0.13243548572063446
52,0.006478134765625,0.11870681494474411
70,0.000234384765625,0.15823498368263245
142,0.005229384765625,0.11937357485294342
106,0.002731884765625,0.12133011221885681
34,0.007726884765625,0.1182711124420166
24,0.002107509765625,0.11864546686410904
97,0.007102509765625,0.11836481094360352
133,0.004605009765625,0.11919742822647095
61,0.009600009765625,0.1184655949473381
43,0.0033562597656250004,0.11873232573270798
115,0.008351259765625,0.11893981695175171
79,0.0008587597656250001,0.13451313972473145
6,0.005853759765625,0.11717791110277176
6,0.004175751953125,0.11717064678668976
78,0.009170751953125,0.1187155544757843
115,0.0016782519531250001,0.12777459621429443
42,0.006673251953125,0.11853592842817307
60,0.00042950195312500003,0.1278412789106369
133,0.005424501953125,0.11904900521039963
96,0.002927001953125,0.12062746286392212
24,0.007922001953125,0.11780481785535812
33,0.0023026269531250003,0.11893196403980255
105,0.007297626953125,0.1188444271683693
142,0.004800126953125,0.11986668407917023
69,0.009795126953125,0.118468277156353
51,0.003551376953125,0.11887700110673904
124,0.008546376953125,0.1185755729675293
87,0.0010538769531250002,0.13064780831336975
15,0.006048876953125,0.11764657497406006
19,0.0007416894531250001,0.11916942149400711
92,0.005736689453125,0.11891205608844757
128,0.003239189453125,0.12315500527620316
56,0.008234189453125,0.11847037822008133
74,0.004487939453125,0.11880212277173996
146,0.009482939453125,0.11893358081579208
110,0.0019904394531250003,0.12645483016967773
37,0.006985439453125,0.11831197142601013
28,0.0026148144531250002,0.11861751973628998
101,0.007609814453125,0.11885710805654526
137,0.000117314453125,0.361106812953949
65,0.005112314453125,0.11860386282205582
47,0.0013660644531250001,0.11976110190153122
119,0.006361064453125,0.11858579516410828
83,0.003863564453125,0.11882889270782471
10,0.008858564453125,0.11728570610284805
13,0.001834345703125,0.11853384971618652
85,0.006829345703125,0.11869176477193832
121,0.004331845703125,0.12025387585163116
49,0.009326845703125,0.11824402213096619
67,0.003083095703125,0.11899033188819885
139,0.008078095703125,0.11893714219331741
103,0.000585595703125,0.1397302895784378
31,0.005580595703125,0.11792296171188354
40,0.004956220703125,0.11866338551044464
112,0.009951220703125,0.11835041642189026
149,0.0024587207031250002,0.1255737841129303
76,0.007453720703125,0.11869235336780548
58,0.0012099707031250002,0.12210670113563538
130,0.006204970703125,0.11915291100740433
94,0.003707470703125,0.11891330778598785
22,0.008702470703125,0.1177196130156517
17,0.003395283203125,0.11834888905286789
90,0.008390283203125,0.11830933392047882
126,0.0008977832031250001,0.14995312690734863
53,0.005892783203125,0.11880917847156525
71,0.0021465332031250003,0.12002980709075928
144,0.007141533203125,0.1179211363196373
108,0.004644033203125,0.11863786727190018
35,0.009639033203125,0.11805226653814316
26,0.00027340820312500005,0.13140912353992462
99,0.005268408203125,0.11909666657447815
135,0.002770908203125,0.12414398789405823
62,0.007765908203125,0.11822743713855743
44,0.004019658203125,0.1185724064707756
117,0.009014658203125,0.11860578507184982
81,0.0015221582031250001,0.12274382263422012
8,0.006517158203125,0.11699999868869781
7,0.000507548828125,0.11897110939025879
79,0.005502548828125,0.1186511293053627
116,0.003005048828125,0.12193652987480164
43,0.008000048828125,0.11838537454605103
61,0.004253798828125,0.11883871257305145
134,0.009248798828125,0.11817720532417297
98,0.001756298828125,0.12454362213611603
25,0.006751298828125,0.11814646422863007
34,0.003629423828125,0.11871922761201859
107,0.008624423828125,0.11845477670431137
143,0.0011319238281250002,0.1478547304868698
70,0.006126923828125,0.1183367446064949
52,0.0023806738281250002,0.11922643333673477
125,0.007375673828125,0.11868686228990555
88,0.0048781738281249995,0.11894635111093521
16,0.009873173828125,0.11721942573785782
21,0.004565986328125,0.1182466670870781
93,0.009560986328125,0.11842941492795944
129,0.0020684863281250003,0.1304718405008316
57,0.007063486328125,0.11798450350761414
75,0.0008197363281250001,0.12990392744541168
147,0.005814736328125,0.11923409253358841
111,0.003317236328125,0.1192169263958931
39,0.008312236328125,0.11828529834747314
30,0.0014441113281250001,0.11907161772251129
102,0.006439111328125,0.11844691634178162
138,0.003941611328125,0.12026695907115936
66,0.008936611328125,0.11868046224117279
48,0.002692861328125,0.11853176355361938
120,0.007687861328125,0.11815177649259567
84,0.000195361328125,0.1931828111410141
11,0.0051903613281249995,0.11724454164505005
9,0.002848955078125,0.11796721071004868
82,0.007843955078125001,0.11856000870466232
118,0.00035145507812500004,0.17403703927993774
45,0.005346455078125,0.11824178695678711
64,0.0016002050781250001,0.12066555768251419
136,0.006595205078125,0.1191553846001625
100,0.004097705078125,0.11899202316999435
27,0.009092705078125,0.1178397610783577
36,0.0009758300781250001,0.11969155073165894
109,0.005970830078125,0.11897286027669907
145,0.003473330078125,0.12056329846382141
73,0.008468330078125001,0.11857542395591736
54,0.0047220800781249996,0.11850437521934509
127,0.009717080078125,0.11805402487516403
91,0.0022245800781250003,0.12346373498439789
18,0.007219580078125,0.11762289702892303
14,0.001912392578125,0.11839411407709122
86,0.006907392578125,0.11830268055200577
122,0.004409892578125,0.11975883692502975
50,0.009404892578125,0.11840173602104187
68,0.003161142578125,0.11928682029247284
141,0.008156142578125001,0.11853303015232086
104,0.0006636425781250001,0.15827563405036926
32,0.005658642578125,0.11841767281293869
23,0.003785517578125,0.11834196746349335
95,0.008780517578125,0.11887609213590622
132,0.0012880175781250002,0.12669308483600616
59,0.006283017578125,0.11875498294830322
41,3.9267578125e-05,0.439428448677063
113,0.0050342675781249995,0.11857917904853821
77,0.0025367675781250002,0.11972060054540634
