77,0.005005,0.09028154611587524
113,0.0025075,0.09856285154819489
41,0.0075025000000000005,0.08931799232959747
59,0.0037562500000000005,0.09136176854372025
131,0.00875125,0.09111975878477097
95,0.00125875,0.11771828681230545
23,0.00625375,0.08820702880620956
32,0.003131875,0.09042016416788101
104,0.008126875,0.09095339477062225
140,0.0006343750000000001,0.1680416762828827
68,0.005629375,0.09064839035272598
50,0.0018831250000000003,0.09637390822172165
122,0.006878125,0.09209971874952316
86,0.004380625,0.09162915498018265
14,0.009375625,0.08730485290288925
18,0.0046928125,0.08862731605768204
91,0.0096878125,0.0902285948395729
127,0.0021953125,0.10184940695762634
54,0.0071903125,0.08892272412776947
72,0.0009465625000000001,0.11951296776533127
145,0.0059415625,0.09402626007795334
109,0.0034440625,0.09663916379213333
36,0.0084390625,0.08895182609558105
27,0.0015709375,0.09152231365442276
100,0.0065659375,0.09143152087926865
136,0.0040684375,0.09648779779672623
63,0.0090634375,0.08877387642860413
45,0.0028196875,0.09093039482831955
118,0.0078146875,0.08989688754081726
82,0.00032218750000000005,0.1762820929288864
9,0.0053171875,0.08744339644908905
11,0.00266359375,0.0886482372879982
84,0.0076585937500000005,0.09033094346523285
120,0.00016609375,0.31296175718307495
48,0.00516109375,0.08920343965291977
66,0.00141484375,0.10155970603227615
138,0.00640984375,0.09269573539495468
102,0.00391234375,0.09548363089561462
29,0.00890734375,0.08827973157167435
38,0.00079046875,0.09997087717056274
111,0.00578546875,0.09264419227838516
147,0.00328796875,0.10666833817958832
75,0.00828296875,0.09014338999986649
57,0.00453671875,0.09053747355937958
129,0.00953171875,0.09087716042995453
93,0.0020392187500000002,0.10385900735855103
20,0.00703421875,0.08803818374872208
16,0.00235140625,0.08978215605020523
88,0.00734640625,0.09038717299699783
125,0.00484890625,0.09490382671356201
52,0.00984390625,0.08898786455392838
70,0.00360015625,0.0919998437166214
143,0.00859515625,0.09098775684833527
106,0.0011026562500000001,0.11456914991140366
34,0.00609765625,0.0894164890050888
25,0.00422453125,0.0895991176366806
97,0.00921953125,0.08911449462175369
134,0.00172703125,0.12625443935394287
61,0.00672203125,0.08956106752157211
43,0.0004782812500000001,0.10163664817810059
116,0.00547328125,0.09257465600967407
79,0.00297578125,0.09504000842571259
7,0.00797078125,0.08746568113565445
8,0.003990390625,0.08760151267051697
80,0.008985390625,0.08881548047065735
117,0.001492890625,0.12414345890283585
44,0.006487890625,0.08829245716333389
62,0.00024414062500000005,0.17544600367546082
135,0.005239140625,0.09386297315359116
99,0.002741640625,0.09811782091856003
26,0.007736640625,0.08799391984939575
35,0.0021172656250000002,0.09160133451223373
108,0.007112265625,0.08912548422813416
144,0.0046147656249999995,0.09215811640024185
71,0.009609765625,0.0889333039522171
53,0.003366015625,0.09130873531103134
126,0.008361015625,0.09085364639759064
89,0.000868515625,0.11945681273937225
17,0.005863515625,0.08781871199607849
21,0.0011807031250000001,0.09230346977710724
94,0.006175703125,0.09139501303434372
130,0.003678203125,0.09708528220653534
58,0.008673203125,0.088590607047081
76,0.0049269531249999995,0.09144554287195206
148,0.009921953125,0.09136179089546204
112,0.002429453125,0.10048221051692963
40,0.007424453125,0.08913925290107727
31,0.003053828125,0.09031255543231964
103,0.008048828125,0.09012269228696823
139,0.0005563281250000001,0.1999352127313614
67,0.005551328125,0.09037724882364273
49,0.001805078125,0.09544189274311066
121,0.006800078125,0.09224272519350052
85,0.0043025781249999995,0.09149358421564102
12,0.009297578125,0.0874028280377388
10,0.001336796875,0.08995068818330765
83,0.006331796875,0.0894770547747612
119,0.0038342968750000005,0.09450171142816544
46,0.008829296875,0.08874434232711792
65,0.002585546875,0.09390243887901306
137,0.007580546875,0.0913689136505127
101,8.8046875e-05,0.5273909568786621
28,0.005083046875,0.08848664164543152
37,0.0044586718749999995,0.09007998555898666
110,0.009453671875,0.09031796455383301
146,0.0019611718750000002,0.11933762580156326
74,0.006956171875,0.08953813463449478
55,0.0007124218750000001,0.10593611747026443
128,0.005707421875,0.09417878836393356
92,0.003209921875,0.09444504976272583
19,0.008204921875,0.08761569857597351
15,0.003522109375,0.08880863338708878
87,0.008517109375,0.09042952209711075
123,0.0010246093750000001,0.12829235196113586
51,0.006019609375,0.08984079211950302
69,0.002273359375,0.09803980588912964
142,0.007268359375,0.09178327023983002
105,0.0047708593749999995,0.09234300255775452
33,0.009765859375,0.08831402659416199
24,0.00040023437500000004,0.11198662221431732
96,0.005395234375,0.09216365963220596
133,0.002897734375,0.0978802740573883
60,0.007892734375,0.08888836950063705
42,0.0041464843749999996,0.09033789485692978
114,0.009141484375,0.08992936462163925
78,0.001648984375,0.10736743360757828
6,0.006643984375,0.08751634508371353
6,0.0033269921875000003,0.08749574422836304
79,0.0083219921875,0.08929357677698135
115,0.0008294921875,0.12587672472000122
42,0.0058244921875,0.0897439494729042
61,0.0020782421875,0.09464021027088165
133,0.0070732421875,0.0915522500872612
97,0.0045757421875,0.09198860079050064
24,0.0095707421875,0.0878097414970398
33,0.0002051171875,0.13271063566207886
106,0.0052001171875,0.09303104877471924
142,0.0027026171875000004,0.098020039498806
70,0.0076976171875,0.0901218131184578
52,0.0039513671875,0.0909462496638298
124,0.0089463671875,0.09053607285022736
88,0.0014538671875,0.10525819659233093
15,0.0064488671875,0.08771442621946335
20,0.0017660546875,0.09029658138751984
92,0.0067610546875,0.09065147489309311
129,0.0042635546875,0.09758587926626205
56,0.0092585546875,0.0893670842051506
74,0.0030148046875000003,0.09328191727399826
147,0.0080098046875,0.09253516793251038
110,0.0005173046875000001,0.16027846932411194
38,0.0055123046875,0.0897103101015091
29,0.0048879296875,0.08953198045492172
101,0.0098829296875,0.08963316679000854
138,0.0023904296875,0.1015954539179802
65,0.0073854296875,0.08914832770824432
47,0.0011416796875000001,0.09906555712223053
119,0.0061366796874999996,0.09242631494998932
83,0.0036391796875000003,0.09264730662107468
11,0.0086341796875,0.0873093530535698
13,0.0006733984375000001,0.0921730026602745
85,0.0056683984375,0.09119690954685211
122,0.0031708984375000003,0.1015504002571106
49,0.0081658984375,0.08836257457733154
67,0.0044196484375,0.09076149761676788
140,0.009414648437500001,0.09082243591547012
104,0.0019221484375000002,0.1012568324804306
31,0.0069171484375,0.08875969052314758
40,0.0025465234375000004,0.09020760655403137
113,0.0075415234375,0.09094994515180588
149,4.90234375e-05,1.0786364078521729
76,0.0050440234375,0.09149406105279922
58,0.0012977734375,0.1054379791021347
131,0.0062927734375,0.09325630962848663
95,0.0037952734375000003,0.09508638083934784
22,0.008790273437500001,0.08783887326717377
18,0.0041074609375,0.08891333639621735
90,0.009102460937500001,0.08880937844514847
126,0.0016099609375,0.11490581184625626
54,0.0066049609375,0.088955819606781
72,0.00036121093750000004,0.1610884964466095
144,0.0053562109375,0.09205449372529984
108,0.0028587109375000004,0.09706518054008484
36,0.0078537109375,0.08908315747976303
27,0.0022343359375,0.09024560451507568
99,0.0072293359375,0.09099456667900085
135,0.0047318359375,0.09358807653188705
63,0.009726835937500001,0.08861689269542694
45,0.0034830859375000003,0.0897982269525528
117,0.0084780859375,0.09081656485795975
81,0.0009855859375000001,0.13567298650741577
8,0.0059805859375,0.08731776475906372
7,0.0020001953125,0.08838755637407303
80,0.0069951953125,0.08908115327358246
116,0.0044976953125,0.09243779629468918
44,0.0094926953125,0.08863116800785065
62,0.0032489453125000003,0.0927051231265068
134,0.0082439453125,0.09077537804841995
98,0.0007514453125,0.13171494007110596
25,0.0057464453125,0.08887021988630295
35,0.0038733203125000002,0.09012193232774734
107,0.0088683203125,0.08997217565774918
143,0.0013758203125,0.11485788971185684
71,0.0063708203125,0.09011148661375046
53,0.0001270703125,0.18095767498016357
125,0.0051220703125,0.09453340619802475
89,0.0026245703125000004,0.09959949553012848
16,0.0076195703125,0.08756739646196365
21,0.0029367578125000003,0.08973885327577591
93,0.0079317578125,0.09033643454313278
130,0.00043925781250000003,0.23335745930671692
57,0.0054342578125,0.09006000310182571
75,0.0016880078125,0.10759761929512024
148,0.0066830078125,0.0931096002459526
112,0.0041855078125,0.09246594458818436
39,0.0091805078125,0.08852784335613251
30,0.0010636328125000001,0.09498436748981476
102,0.0060586328125,0.0913790613412857
139,0.0035611328125000003,0.10204146802425385
66,0.0085561328125,0.08987466245889664
48,0.0048098828125,0.08928799629211426
121,0.0098048828125,0.09075760841369629
84,0.0023123828125,0.09445761889219284
12,0.0073073828125,0.0874004065990448
10,0.0046537890625,0.08763521909713745
82,0.0096487890625,0.08875816315412521
118,0.0021562890625,0.10825884342193604
46,0.0071512890625,0.08927454054355621
64,0.0009075390625,0.12453138083219528
136,0.0059025390625,0.09318167716264725
100,0.0034050390625000003,0.09421438723802567
28,0.0084000390625,0.087912917137146
37,0.0015319140625,0.09358684718608856
109,0.0065269140625,0.09186404198408127
146,0.0040294140625,0.10014349222183228
73,0.0090244140625,0.089680515229702
55,0.0027806640625000004,0.0929809957742691
127,0.0077756640625,0.08957542479038239
91,0.00028316406250000005,0.18606223165988922
19,0.0052781640625,0.08832252025604248
14,0.0005953515625000001,0.09433504939079285
87,0.0055903515625,0.0914849042892456
123,0.0030928515625000003,0.10451723635196686
50,0.0080878515625,0.0884435847401619
69,0.0043416015625,0.0915198028087616
141,0.0093366015625,0.09062482416629791
105,0.0018441015625,0.11658196896314621
32,0.0068391015625,0.08899874240159988
23,0.0037172265625000003,0.08947033435106277
96,0.0087122265625,0.09011408686637878
132,0.0012197265625,0.14160583913326263
59,0.0062147265625,0.09007233381271362
41,0.0024684765625,0.091946542263031
114,0.0074634765625,0.09084571152925491
78,0.0049659765625,0.09141670167446136
5,0.0099609765625,0.08710205554962158
5,0.00498548828125,0.08739278465509415
78,0.00998048828125,0.08984924852848053
114,0.0024879882812500003,0.09714744240045547
42,0.00748298828125,0.08922579884529114
60,0.00123923828125,0.10675972700119019
132,0.00623423828125,0.0934944823384285
96,0.00373673828125,0.09439694136381149
23,0.00873173828125,0.08755502104759216
33,0.0018636132812500001,0.09244867414236069
105,0.00685861328125,0.09085080027580261
141,0.00436111328125,0.09898325800895691
69,0.00935611328125,0.0889781042933464
51,0.0031123632812500002,0.09120968729257584
123,0.00810736328125,0.09138049930334091
87,0.0006148632812500001,0.11999882012605667
14,0.0056098632812499995,0.08773121982812881
19,0.00030267578125000005,0.11061380803585052
91,0.0052976757812499995,0.09183959662914276
128,0.0028001757812500003,0.1094164028763771
55,0.00779517578125,0.0889398604631424
73,0.00404892578125,0.09160087257623672
146,0.00904392578125,0.0912800133228302
110,0.0015514257812500002,0.12016255408525467
37,0.00654642578125,0.08919423073530197
28,0.00342455078125,0.08955993503332138
101,0.00841955078125,0.0898335874080658
137,0.00092705078125,0.1296219378709793
64,0.00592205078125,0.0905417650938034
46,0.0021758007812500003,0.0915801003575325
119,0.00717080078125,0.09143491089344025
82,0.00467330078125,0.09153006970882416
10,0.00966830078125,0.08737058192491531
12,0.0023318945312500003,0.08919982612133026
85,0.00732689453125,0.09017757326364517
121,0.00482939453125,0.09447001665830612
48,0.00982439453125,0.08900249749422073
67,0.00358064453125,0.09191761165857315
139,0.008575644531250001,0.09085044264793396
103,0.00108314453125,0.11634395271539688
30,0.00607814453125,0.08925071358680725
39,0.00420501953125,0.0901285782456398
112,0.00920001953125,0.08991749584674835
148,0.0017075195312500002,0.1145164892077446
76,0.00670251953125,0.09023495018482208
57,0.00045876953125000003,0.12426917254924774
130,0.0054537695312499995,0.09424149990081787
94,0.0029562695312500002,0.09592290222644806
21,0.00795126953125,0.08757706731557846
17,0.0026440820312500003,0.08949456363916397
89,0.00763908203125,0.08985307067632675
125,0.00014658203125,0.46369823813438416
53,0.0051415820312499996,0.09046802669763565
71,0.0013953320312500002,0.10801079869270325
144,0.00639033203125,0.09207101911306381
107,0.00389283203125,0.09540363401174545
35,0.008887832031250001,0.0884326696395874
26,0.00077095703125,0.09785009175539017
98,0.00576595703125,0.09019912034273148
134,0.00326845703125,0.0982489362359047
62,0.008263457031250001,0.09000013768672943
44,0.00451720703125,0.08912762254476547
116,0.00951220703125,0.09041590243577957
80,0.0020197070312500003,0.10244153439998627
8,0.00701470703125,0.08734705299139023
9,0.00100509765625,0.0901346504688263
81,0.00600009765625,0.09080351889133453
117,0.00350259765625,0.0957939550280571
45,0.00849759765625,0.08915212005376816
63,0.00475134765625,0.09076668322086334
136,0.00974634765625,0.09099278599023819
99,0.0022538476562500003,0.10258595645427704
27,0.00724884765625,0.08863718807697296
36,0.0028782226562500002,0.08987881243228912
108,0.00787322265625,0.08911572396755219
145,0.00038072265625000004,0.20537972450256348
72,0.00537572265625,0.08923134952783585
54,0.0016294726562500002,0.09579937905073166
127,0.00662447265625,0.09095703810453415
90,0.00412697265625,0.09100900590419769
18,0.00912197265625,0.08749750256538391
22,0.00381478515625,0.0891539603471756
95,0.00880978515625,0.0903884619474411
131,0.0013172851562500002,0.12743647396564484
59,0.00631228515625,0.08995059132575989
77,6.853515625e-05,0.49017658829689026
149,0.00506353515625,0.0965067595243454
113,0.0025660351562500003,0.10417524725198746
40,0.00756103515625,0.08915194123983383
31,0.0019416601562500001,0.09164194762706757
104,0.00693666015625,0.0914376899600029
140,0.00443916015625,0.09755265712738037
68,0.00943416015625,0.08982203155755997
50,0.00319041015625,0.09153226763010025
122,0.00818541015625,0.09145133197307587
86,0.0006929101562500001,0.15019215643405914
13,0.00568791015625,0.08780524879693985
11,0.00365869140625,0.08807439357042313
84,0.00865369140625,0.09015881270170212
120,0.00116119140625,0.11083976179361343
47,0.00615619140625,0.08951098471879959
65,0.0024099414062500003,0.09490197151899338
138,0.00740494140625,0.09255367517471313
102,0.00490744140625,0.09307238459587097
29,0.00990244140625,0.08809896558523178
38,0.0005368164062500001,0.10285071283578873
111,0.00553181640625,0.09199906140565872
147,0.0030343164062500002,0.09946796298027039
74,0.00802931640625,0.08899689465761185
56,0.00428306640625,0.09060222655534744
129,0.00927806640625,0.09094992280006409
93,0.0017855664062500002,0.1154378280043602
20,0.00678056640625,0.0881057158112526
16,0.0014733789062500002,0.09032762050628662
88,0.00646837890625,0.09071069210767746
124,0.00397087890625,0.09305701404809952
52,0.00896587890625,0.08918533474206924
70,0.0027221289062500003,0.09375633299350739
142,0.00771712890625,0.09111547470092773
106,0.00022462890625,0.2961672842502594
34,0.00521962890625,0.08973141759634018
25,0.00459525390625,0.0893566682934761
97,0.00959025390625,0.0889139324426651
133,0.0020977539062500003,0.10428183525800705
61,0.00709275390625,0.08943617343902588
43,0.00084900390625,0.11670290678739548
115,0.00584400390625,0.0919475331902504
79,0.00334650390625,0.09460867941379547
6,0.00834150390625,0.08754812926054001
6,0.0016684960937500002,0.08848424255847931
78,0.00666349609375,0.0905713140964508
115,0.00416599609375,0.09505102038383484
42,0.00916099609375,0.08875488489866257
60,0.00291724609375,0.09136141091585159
133,0.00791224609375,0.0912214145064354
97,0.00041974609375000003,0.15712425112724304
24,0.00541474609375,0.08899654448032379
33,0.00479037109375,0.08979891240596771
106,0.00978537109375,0.08982793986797333
142,0.00229287109375,0.11431925743818283
69,0.00728787109375,0.08996444940567017
51,0.00104412109375,0.10292015969753265
124,0.00603912109375,0.09225545078516006
87,0.0035416210937500004,0.0937180370092392
15,0.00853662109375,0.08739334344863892
20,0.0032294335937500004,0.08952944725751877
92,0.00822443359375,0.0900714173913002
128,0.00073193359375,0.14585648477077484
56,0.00572693359375,0.0903124064207077
74,0.00198068359375,0.10009748488664627
146,0.0069756835937500004,0.09318660944700241
110,0.00447818359375,0.0942847952246666
38,0.00947318359375,0.08840332180261612
29,0.00010755859375,0.2253650426864624
101,0.00510255859375,0.09262222796678543
137,0.00260505859375,0.10054324567317963
65,0.00760005859375,0.08926656097173691
47,0.0038538085937500004,0.09061913192272186
119,0.00884880859375,0.09064481407403946
83,0.0013563085937500002,0.11142390221357346
10,0.00635130859375,0.08736657351255417
13,0.00432208984375,0.08817639201879501
85,0.00931708984375,0.08939473330974579
121,0.0018245898437500001,0.10488111525774002
49,0.00681958984375,0.088394895195961
67,0.0005758398437500001,0.14004075527191162
140,0.00557083984375,0.09591756016016006
103,0.00307333984375,0.0973639190196991
31,0.00806833984375,0.08840238302946091
40,0.00244896484375,0.090304434299469
112,0.00744396484375,0.09096046537160873
149,0.00494646484375,0.09627972543239594
76,0.009941464843750001,0.0888637900352478
58,0.0036977148437500004,0.09091108292341232
131,0.00869271484375,0.09078792482614517
94,0.00120021484375,0.11003623157739639
22,0.00619521484375,0.08804653584957123
17,0.00088802734375,0.09235307574272156
90,0.00588302734375,0.08993780612945557
126,0.0033855273437500004,0.09892092645168304
53,0.00838052734375,0.08965890854597092
72,0.00463427734375,0.09015220403671265
144,0.009629277343750001,0.08927971869707108
108,0.00213677734375,0.10078153759241104
35,0.00713177734375,0.08894962817430496
26,0.00276115234375,0.08992030471563339
99,0.00775615234375,0.09097368270158768
135,0.00026365234375000005,0.25819459557533264
63,0.00525865234375,0.0906028226017952
44,0.0015124023437500002,0.09535485506057739
117,0.00650740234375,0.09178648889064789
81,0.00400990234375,0.0929274633526802
8,0.00900490234375,0.08747462928295135
7,0.00299529296875,0.08773388713598251
80,0.00799029296875,0.08894950151443481
116,0.0004977929687500001,0.16781222820281982
43,0.00549279296875,0.0894186869263649
61,0.0017465429687500002,0.10264894366264343
134,0.00674154296875,0.09155990183353424
98,0.0042440429687499994,0.09243815392255783
25,0.00923904296875,0.08800451457500458
34,0.00112216796875,0.09488601982593536
107,0.00611716796875,0.09190692007541656
143,0.0036196679687500004,0.10150008648633957
70,0.00861466796875,0.09010258316993713
52,0.00486841796875,0.09040778130292892
125,0.00986341796875,0.08973432332277298
89,0.00237091796875,0.10048860311508179
16,0.00736591796875,0.08761314302682877
21,0.00205873046875,0.09022893756628036
93,0.00705373046875,0.09064498543739319
129,0.00455623046875,0.09555339068174362
57,0.00955123046875,0.08922868967056274
75,0.0033074804687500004,0.09416396170854568
148,0.00830248046875,0.0916779637336731
111,0.00080998046875,0.11605875939130783
39,0.00580498046875,0.0895877406001091
30,0.0039318554687499995,0.0894216001033783
102,0.00892685546875,0.08982627838850021
138,0.0014343554687500002,0.11907240003347397
66,0.00642935546875,0.09021193534135818
48,0.00018560546875,0.18603380024433136
120,0.00518060546875,0.09180841594934464
84,0.00268310546875,0.09449253231287003
12,0.00767810546875,0.08739234507083893
9,0.00034169921875000004,0.09564462304115295
82,0.00533669921875,0.09085255116224289
118,0.00283919921875,0.09867043793201447
46,0.00783419921875,0.08905935287475586
64,0.0040879492187499995,0.09151343256235123
136,0.00908294921875,0.09116679430007935
100,0.0015904492187500002,0.10986657440662384
27,0.00658544921875,0.08886376768350601
37,0.0034635742187500004,0.09040272980928421
109,0.00845857421875,0.09090368449687958
145,0.0009660742187500001,0.1401425004005432
73,0.00596107421875,0.09071214497089386
55,0.00221482421875,0.09504133462905884
127,0.00720982421875,0.0903414785861969
91,0.00471232421875,0.0920872688293457
18,0.00970732421875,0.08742821961641312
14,0.00440013671875,0.08811424672603607
86,0.00939513671875,0.08881501853466034
123,0.0019026367187500001,0.10250211507081985
50,0.00689763671875,0.08879171311855316
68,0.0006538867187500001,0.122515007853508
141,0.00564888671875,0.09452033787965775
104,0.0031513867187500004,0.09667770564556122
32,0.00814638671875,0.08862997591495514
23,0.0012782617187500002,0.09175236523151398
95,0.00627326171875,0.0912143811583519
132,0.0037757617187500004,0.09764882922172546
59,0.00877076171875,0.08964277803897858
41,0.00252701171875,0.09144151210784912
114,0.00752201171875,0.09086152166128159
77,2.9511718750000004e-05,0.9388968348503113
5,0.00502451171875,0.08739286661148071
5,0.0025172558593750003,0.08760549873113632
77,0.007512255859375,0.08887238055467606
114,1.9755859375e-05,0.8881238102912903
41,0.005014755859375,0.09000834822654724
59,0.001268505859375,0.10776566714048386
132,0.006263505859375,0.0931074321269989
96,0.003766005859375,0.09441803395748138
23,0.008761005859375,0.0875493660569191
32,0.0006441308593750001,0.10161185264587402
105,0.005639130859375,0.09178448468446732
141,0.0031416308593750003,0.10113605856895447
68,0.008136630859375,0.0900372639298439
50,0.004390380859375,0.0903690978884697
123,0.009385380859375,0.0904797688126564
86,0.0018928808593750002,0.09755244851112366
14,0.006887880859375,0.0874972939491272
19,0.0022050683593750004,0.09017481654882431
91,0.007200068359375,0.0908011868596077
127,0.004702568359375,0.09198793768882751
55,0.009697568359375,0.08837989717721939
73,0.0034538183593750002,0.09383781254291534
145,0.008448818359375,0.09145265817642212
109,0.0009563183593750001,0.12304641306400299
37,0.005951318359375,0.08944567292928696
28,0.004078193359375,0.08905694633722305
100,0.009073193359375,0.09020477533340454
136,0.0015806933593750002,0.1152670681476593
64,0.006575693359375,0.09022048115730286
46,0.00033194335937500004,0.16731229424476624
118,0.005326943359375,0.09324848651885986
82,0.0028294433593750003,0.09353157877922058
9,0.007824443359375,0.08731085807085037
12,0.000175849609375,0.11043557524681091
84,0.005170849609375,0.09182780236005783
120,0.0026733496093750003,0.10157185047864914
48,0.007668349609375,0.08902467042207718
66,0.003922099609375,0.09192453324794769
139,0.008917099609375,0.09132006764411926
102,0.001424599609375,0.11405038088560104
30,0.006419599609375,0.089157834649086
39,0.0032977246093750003,0.09057909995317459
111,0.008292724609375,0.09074874967336655
148,0.0008002246093750001,0.14078094065189362
75,0.005795224609375,0.09095504879951477
57,0.002048974609375,0.0939890518784523
130,0.007043974609375,0.09164605289697647
93,0.004546474609375,0.0927092432975769
21,0.009541474609375,0.08729977905750275
16,0.004858662109375,0.08830015361309052
89,0.009853662109375,0.08861828595399857
125,0.0023611621093750004,0.10013447701931
53,0.007356162109375,0.08987734466791153
71,0.001112412109375,0.11070597171783447
143,0.006107412109375,0.09279537945985794
107,0.0036099121093750002,0.09612929821014404
34,0.008604912109375,0.08868493884801865
25,0.0017367871093750002,0.09131201356649399
98,0.006731787109375,0.09002038836479187
134,0.004234287109375,0.097475565969944
62,0.009229287109375,0.08985508978366852
43,0.0029855371093750003,0.09084878861904144
116,0.007980537109375,0.09101057052612305
80,0.0004880371093750001,0.13856711983680725
7,0.005483037109375,0.08741217106580734
8,0.001502646484375,0.08920768648386002
81,0.006497646484375,0.090618796646595
117,0.004000146484375,0.09696077555418015
45,0.008995146484375001,0.08914804458618164
63,0.0027513964843750003,0.09382709115743637
135,0.007746396484375,0.08995138108730316
99,0.00025389648437500005,0.23024782538414001
26,0.005248896484375,0.08804652839899063
36,0.004624521484375,0.0892779678106308
108,0.009619521484375,0.08871070295572281
144,0.002127021484375,0.10300188511610031
72,0.007122021484375,0.0889083594083786
54,0.0008782714843750001,0.12388036400079727
126,0.0058732714843749995,0.09341372549533844
90,0.0033757714843750002,0.09278089553117752
17,0.008370771484375,0.08759361505508423
22,0.003687958984375,0.08925102651119232
94,0.008682958984375001,0.08969350159168243
131,0.001190458984375,0.12757016718387604
58,0.006185458984375,0.08971824496984482
76,0.0024392089843750004,0.09841279685497284
149,0.007434208984375,0.09151012450456619
113,0.004936708984375,0.09343410283327103
40,0.009931708984375,0.08884549140930176
31,0.000566083984375,0.10637621581554413
103,0.005561083984375,0.09232287108898163
140,0.0030635839843750003,0.09933009743690491
67,0.008058583984375,0.08906280249357224
49,0.004312333984375,0.09002167731523514
122,0.009307333984375001,0.09091423451900482
85,0.0018148339843750002,0.10042091459035873
13,0.006809833984375,0.0875275656580925
11,0.003844052734375,0.08799633383750916
83,0.008839052734375,0.08879991620779037
119,0.001346552734375,0.11290905624628067
47,0.006341552734375,0.08944183588027954
65,9.7802734375e-05,0.2362070232629776
137,0.005092802734375,0.09520818293094635
101,0.0025953027343750003,0.09939724951982498
29,0.007590302734375,0.08858144283294678
38,0.001970927734375,0.09271903336048126
110,0.006965927734375,0.09129352867603302
147,0.004468427734375,0.09471672028303146
74,0.009463427734375,0.0885804072022438
56,0.0032196777343750003,0.0914953351020813
128,0.008214677734375,0.09141670167446136
92,0.0007221777343750001,0.12746168673038483
20,0.0057171777343749995,0.08844521641731262
15,0.001034365234375,0.09092498570680618
88,0.006029365234375,0.09076441079378128
124,0.0035318652343750002,0.09577926248311996
51,0.008526865234375,0.08893133699893951
69,0.004780615234375,0.09111504256725311
142,0.009775615234375,0.09064136445522308
106,0.0022831152343750004,0.09958400577306747
33,0.007278115234375,0.0889318436384201
24,0.0029074902343750003,0.08967169374227524
97,0.007902490234375,0.08958888798952103
133,0.00040999023437500004,0.1653597205877304
60,0.005404990234375,0.08920493721961975
42,0.0016587402343750002,0.09500604122877121
115,0.006653740234375,0.09165462851524353
79,0.004156240234375,0.09216073900461197
6,0.009151240234375,0.08755296468734741
7,0.0008392480468750001,0.09005900472402573
79,0.005834248046875,0.0908365547657013
115,0.003336748046875,0.09535636752843857
43,0.008331748046875,0.08830025792121887
61,0.004585498046875,0.09087461233139038
133,0.009580498046875,0.08941594511270523
97,0.002087998046875,0.10735313594341278
25,0.007082998046875,0.08845920115709305
34,0.002712373046875,0.09066575765609741
106,0.007707373046875,0.09052194654941559
143,0.000214873046875,0.28454363346099854
70,0.005209873046875,0.09087367355823517
52,0.001463623046875,0.09773179143667221
124,0.006458623046875,0.09259120374917984
88,0.003961123046875,0.09260717779397964
16,0.008956123046875,0.0873890370130539
20,0.004273310546875,0.08908439427614212
93,0.009268310546875,0.08954974263906479
129,0.0017758105468750002,0.12065382301807404
56,0.006770810546875,0.09000420570373535
75,0.000527060546875,0.1461174041032791
147,0.005522060546875,0.09523889422416687
111,0.003024560546875,0.09899713844060898
38,0.008019560546875,0.08879539370536804
29,0.002400185546875,0.09071556478738785
102,0.0073951855468750004,0.09073733538389206
138,0.004897685546875,0.09543406218290329
66,0.009892685546875,0.08973225951194763
47,0.0036489355468750004,0.09092715382575989
120,0.008643935546875,0.08916245400905609
84,0.001151435546875,0.12613944709300995
11,0.006146435546875,0.08741378039121628
13,0.003180654296875,0.08871012181043625
86,0.008175654296875,0.08920975029468536
122,0.0006831542968750001,0.139459028840065
50,0.005678154296875,0.08955896645784378
68,0.0019319042968750002,0.10025932639837265
140,0.006926904296875,0.09288287162780762
104,0.004429404296875,0.09402483701705933
32,0.009424404296875,0.08834245800971985
41,5.8779296875e-05,0.43881192803382874
113,0.005053779296875,0.09378719329833984
149,0.002556279296875,0.11203499883413315
77,0.007551279296875,0.08927106112241745
59,0.0038050292968750004,0.09157547354698181
131,0.008800029296875,0.09123149514198303
95,0.001307529296875,0.11495400220155716
22,0.006302529296875,0.08801543712615967
18,0.0016197167968750002,0.09020933508872986
90,0.006614716796875,0.08932918310165405
127,0.004117216796875,0.09975776821374893
54,0.009112216796875,0.08899115771055222
72,0.002868466796875,0.0928724855184555
145,0.007863466796875,0.09226170182228088
109,0.00037096679687500004,0.1952729970216751
36,0.005365966796875,0.08918330073356628
27,0.004741591796875,0.08929277956485748
100,0.009736591796875001,0.09006313979625702
136,0.002244091796875,0.10816290974617004
63,0.0072390917968750005,0.08959488570690155
45,0.000995341796875,0.09504713118076324
118,0.005990341796875,0.09131424129009247
81,0.0034928417968750004,0.0932006686925888
9,0.008487841796875,0.08731303364038467
8,0.0045074511718749995,0.08745656907558441
80,0.009502451171875,0.08882290869951248
117,0.002009951171875,0.10649324953556061
44,0.007004951171875,0.08815611153841019
62,0.0007612011718750001,0.12386108189821243
135,0.005756201171875,0.0910210907459259
98,0.003258701171875,0.09591523557901382
26,0.008253701171875,0.08819776773452759
35,0.001385576171875,0.09469927847385406
107,0.006380576171875,0.09130573272705078
144,0.0038830761718750004,0.09988328069448471
71,0.008878076171875,0.08908071368932724
53,0.002634326171875,0.09299829602241516
126,0.007629326171875,0.09157412499189377
89,0.000136826171875,0.4281906485557556
17,0.005131826171875,0.08798495680093765
21,0.00044901367187500003,0.10250277072191238
94,0.005444013671875,0.09228497743606567
130,0.002946513671875,0.10967479646205902
58,0.007941513671875,0.08879809826612473
76,0.0041952636718749995,0.09177855402231216
148,0.009190263671875,0.0911879688501358
112,0.0016977636718750002,0.11744891107082367
39,0.006692763671875,0.08925025910139084
30,0.0035708886718750004,0.0895194411277771
103,0.008565888671875,0.09012732654809952
139,0.001073388671875,0.13763737678527832
67,0.006068388671875,0.09004615247249603
49,0.002322138671875,0.09331921488046646
121,0.007317138671875,0.09149923175573349
85,0.004819638671875,0.09180531650781631
12,0.009814638671875,0.08739213645458221
10,0.002166044921875,0.08891302347183228
83,0.007161044921875,0.08917968720197678
119,0.0046635449218749995,0.09265218675136566
46,0.009658544921875,0.08846945315599442
64,0.003414794921875,0.09172901511192322
137,0.008409794921875,0.09203608334064484
101,0.0009172949218750001,0.13020525872707367
28,0.005912294921875,0.08815872669219971
37,0.0040391699218749995,0.09019394218921661
110,0.009034169921875,0.09052284061908722
146,0.001541669921875,0.13992397487163544
73,0.006536669921875,0.09031747281551361
55,0.00029291992187500005,0.15052224695682526
128,0.005287919921875,0.09328816086053848
92,0.002790419921875,0.09893504530191422
19,0.007785419921875,0.08768100291490555
15,0.003102607421875,0.08909585326910019
87,0.008097607421875,0.09044742584228516
123,0.000605107421875,0.17006972432136536
51,0.005600107421875,0.08996189385652542
69,0.0018538574218750002,0.10129795223474503
141,0.006848857421875,0.09190914779901505
105,0.0043513574218749995,0.09398917853832245
33,0.009346357421875,0.0884014368057251
24,0.001229482421875,0.09172934293746948
96,0.006224482421875,0.09118856489658356
132,0.0037269824218750004,0.09601104259490967
60,0.008721982421875,0.08891238272190094
42,0.004975732421875,0.09007058292627335
114,0.009970732421875,0.0896906852722168
78,0.002478232421875,0.09897362440824509
5,0.007473232421875,0.08737916499376297
5,0.002497744140625,0.08760713040828705
78,0.007492744140625,0.09034688025712967
114,0.004995244140625,0.09377288073301315
41,0.009990244140625,0.08869858831167221
60,0.0037464941406250003,0.09050005674362183
132,0.008741494140625,0.09097711741924286
96,0.0012489941406250002,0.1339767426252365
23,0.006243994140625,0.0882072001695633
32,0.004370869140625,0.0898730456829071
105,0.009365869140625,0.09014644473791122
141,0.001873369140625,0.11466000974178314
69,0.006868369140625,0.0900806188583374
51,0.000624619140625,0.12085723131895065
123,0.005619619140625,0.09216909855604172
87,0.0031221191406250004,0.09382592141628265
14,0.008117119140625,0.08737123012542725
19,0.002809931640625,0.08980188518762589
91,0.007804931640625,0.09058111906051636
128,0.00031243164062500005,0.22872766852378845
55,0.005307431640625,0.0902702584862709
73,0.0015611816406250001,0.1042347401380539
146,0.0065561816406249996,0.09217330813407898
109,0.004058681640625,0.09670726209878922
37,0.009053681640625,0.08846666663885117
28,0.0009368066406250001,0.09323541820049286
100,0.005931806640625,0.09162047505378723
137,0.0034343066406250003,0.09630700200796127
64,0.008429306640625,0.08990063518285751
46,0.004683056640625,0.08994567394256592
118,0.009678056640625,0.08978383243083954
82,0.002185556640625,0.09892170876264572
10,0.007180556640625,0.08736426383256912
12,0.004839150390625,0.08789549767971039
85,0.009834150390625001,0.08926834911108017
121,0.002341650390625,0.11240064352750778
48,0.007336650390625,0.08901053667068481
66,0.0010929003906250002,0.10000842064619064
139,0.006087900390625,0.09485737234354019
103,0.0035904003906250003,0.0951700508594513
30,0.008585400390625,0.08852709829807281
39,0.001717275390625,0.09366117417812347
112,0.006712275390625,0.09148186445236206
148,0.004214775390625,0.09530982375144958
75,0.009209775390625001,0.08996907621622086
57,0.0029660253906250004,0.0927419662475586
130,0.007961025390625,0.0913490429520607
94,0.00046852539062500003,0.16709434986114502
21,0.005463525390625,0.08833026885986328
17,0.000156337890625,0.1266414225101471
89,0.005151337890625,0.09143715351819992
125,0.002653837890625,0.1032351404428482
53,0.007648837890625,0.08981852978467941
71,0.0039025878906250003,0.09240993857383728
143,0.008897587890625,0.09131714701652527
107,0.0014050878906250001,0.0996168926358223
35,0.006400087890625,0.08922670781612396
26,0.0032782128906250004,0.08931228518486023
98,0.008273212890625,0.08947201073169708
134,0.0007807128906250001,0.1632085144519806
62,0.005775712890625,0.09037722647190094
44,0.002029462890625,0.09308837354183197
116,0.007024462890625,0.09121929854154587
80,0.004526962890625,0.09093108773231506
7,0.009521962890625001,0.08751499652862549
9,0.0035123535156250003,0.08788243681192398
81,0.008507353515625,0.09020469337701797
117,0.0010148535156250002,0.12380653619766235
45,0.006009853515625,0.08909894526004791
63,0.002263603515625,0.09748654812574387
135,0.007258603515625,0.09000196307897568
99,0.004761103515625,0.09237741678953171
27,0.009756103515625,0.08799687027931213
36,0.00039047851562500004,0.12948594987392426
108,0.005385478515625,0.0907815471291542
145,0.0028879785156250004,0.10879620164632797
72,0.007882978515625,0.08884838968515396
54,0.004136728515625,0.08972538262605667
126,0.009131728515625,0.09041497111320496
90,0.0016392285156250001,0.11519791930913925
18,0.006634228515625,0.0879586860537529
22,0.0013270410156250001,0.09165157377719879
95,0.006322041015625,0.09117872267961502
131,0.0038245410156250003,0.09347366541624069
58,0.008819541015625,0.08854035288095474
77,0.002575791015625,0.09311234951019287
149,0.007570791015625,0.0930187776684761
113,7.8291015625e-05,0.6109412908554077
40,0.005073291015625,0.08921004086732864
31,0.004448916015625,0.08983590453863144
104,0.009443916015625,0.0904778316617012
140,0.001951416015625,0.12240208685398102
68,0.006946416015625,0.09038637578487396
49,0.0007026660156250001,0.10090098530054092
122,0.005697666015625,0.0927562415599823
86,0.0032001660156250004,0.09712190181016922
13,0.008195166015625,0.0873384028673172
11,0.0011709472656250002,0.09026330709457397
83,0.006165947265625,0.08959189057350159
120,0.0036684472656250003,0.09340998530387878
47,0.008663447265625,0.08888007700443268
65,0.004917197265625,0.09067820012569427
138,0.009912197265625,0.09055883437395096
101,0.002419697265625,0.10085577517747879
29,0.007414697265625,0.0886288434267044
38,0.0030440722656250004,0.09064996987581253
111,0.008039072265625,0.09096939861774445
147,0.000546572265625,0.20376849174499512
74,0.005541572265625,0.09053713828325272
56,0.001795322265625,0.0948762521147728
129,0.006790322265625,0.0927448645234108
92,0.004292822265625,0.09234820306301117
20,0.009287822265625,0.08759164065122604
15,0.003980634765624999,0.08855114877223969
88,0.008975634765625,0.0899149626493454
124,0.0014831347656250001,0.10169745236635208
52,0.006478134765625,0.08993379026651382
70,0.000234384765625,0.23515422642230988
142,0.005229384765625,0.09287184476852417
106,0.002731884765625,0.09908822923898697
34,0.007726884765625,0.08889007568359375
24,0.002107509765625,0.0900733694434166
97,0.007102509765625,0.09012856334447861
133,0.004605009765625,0.09504228085279465
61,0.009600009765625,0.08870828151702881
43,0.0033562597656250004,0.09069012850522995
115,0.008351259765625,0.0910402461886406
79,0.0008587597656250001,0.13924404978752136
6,0.005853759765625,0.0874975174665451
6,0.004175751953125,0.08744292706251144
78,0.009170751953125,0.08995085209608078
115,0.0016782519531250001,0.10688038170337677
42,0.006673251953125,0.08946090191602707
60,0.00042950195312500003,0.16090641915798187
133,0.005424501953125,0.09393999725580215
96,0.002927001953125,0.09713201969861984
24,0.007922001953125,0.08815421909093857
33,0.0023026269531250003,0.09108061343431473
105,0.007297626953125,0.09070320427417755
142,0.004800126953125,0.0970112606883049
69,0.009795126953125,0.08888285607099533
51,0.003551376953125,0.09065195918083191
124,0.008546376953125,0.09081996977329254
87,0.0010538769531250002,0.1217094138264656
15,0.006048876953125,0.08780574798583984
19,0.0007416894531250001,0.09480323642492294
92,0.005736689453125,0.09126494824886322
128,0.003239189453125,0.10390210896730423
56,0.008234189453125,0.08963240683078766
74,0.004487939453125,0.09135010093450546
146,0.009482939453125,0.09135378897190094
110,0.0019904394531250003,0.10299945622682571
37,0.006985439453125,0.0890602394938469
28,0.0026148144531250002,0.09021920710802078
101,0.007609814453125,0.090486541390419
137,0.000117314453125,0.43628963828086853
65,0.005112314453125,0.09066406637430191
47,0.0013660644531250001,0.09841842949390411
119,0.006361064453125,0.0925293043255806
83,0.003863564453125,0.09245146065950394
10,0.008858564453125,0.08735574781894684
13,0.001834345703125,0.08984050899744034
85,0.006829345703125,0.09031601250171661
121,0.004331845703125,0.09409315139055252
49,0.009326845703125,0.08870677649974823
67,0.003083095703125,0.09208908677101135
139,0.008078095703125,0.09167897701263428
103,0.000585595703125,0.1376451849937439
31,0.005580595703125,0.08928611874580383
40,0.004956220703125,0.0892196074128151
112,0.009951220703125,0.08911159634590149
149,0.0024587207031250002,0.10911460965871811
76,0.007453720703125,0.09005603939294815
58,0.0012099707031250002,0.10652311891317368
130,0.006204970703125,0.09313232451677322
94,0.003707470703125,0.09308598190546036
22,0.008702470703125,0.08783179521560669
17,0.003395283203125,0.08887902647256851
90,0.008390283203125,0.08884204179048538
126,0.0008977832031250001,0.12266556173563004
53,0.005892783203125,0.09015534073114395
71,0.0021465332031250003,0.09291138499975204
144,0.007141533203125,0.09076379239559174
108,0.004644033203125,0.09217748790979385
35,0.009639033203125,0.08825089037418365
26,0.00027340820312500005,0.1329139620065689
99,0.005268408203125,0.09279316663742065
135,0.002770908203125,0.10094938427209854
62,0.007765908203125,0.09003374725580215
44,0.004019658203125,0.08969860523939133
117,0.009014658203125,0.09042691439390182
81,0.0015221582031250001,0.1004958525300026
8,0.006517158203125,0.0873110219836235
7,0.000507548828125,0.0908721461892128
79,0.005502548828125,0.09097633510828018
116,0.003005048828125,0.09456417709589005
43,0.008000048828125,0.08838745951652527
61,0.004253798828125,0.09109083563089371
134,0.009248798828125,0.09029091149568558
98,0.001756298828125,0.10397806763648987
25,0.006751298828125,0.0885486751794815
34,0.003629423828125,0.09022805839776993
107,0.008624423828125,0.09045397490262985
143,0.0011319238281250002,0.12874896824359894
70,0.006126923828125,0.09046091139316559
52,0.0023806738281250002,0.09256961941719055
125,0.007375673828125,0.09102138876914978
88,0.0048781738281249995,0.09249235689640045
16,0.009873173828125,0.08730204403400421
21,0.004565986328125,0.08875292539596558
93,0.009560986328125,0.08932878822088242
129,0.0020684863281250003,0.10836879909038544
57,0.007063486328125,0.08962226659059525
75,0.0008197363281250001,0.13787193596363068
147,0.005814736328125,0.09396003931760788
111,0.003317236328125,0.09565693885087967
39,0.008312236328125,0.08874672651290894
30,0.0014441113281250001,0.09311674535274506
102,0.006439111328125,0.09150487184524536
138,0.003941611328125,0.09522715955972672
66,0.008936611328125,0.0897870659828186
48,0.002692861328125,0.09058402478694916
120,0.007687861328125,0.08984123170375824
84,0.000195361328125,0.3081434369087219
11,0.0051903613281249995,0.08761481195688248
9,0.002848955078125,0.08820829540491104
82,0.007843955078125001,0.08952207863330841
118,0.00035145507812500004,0.2526572346687317
45,0.005346455078125,0.08915453404188156
64,0.0016002050781250001,0.10209211707115173
136,0.006595205078125,0.09306105971336365
100,0.004097705078125,0.09318483620882034
27,0.009092705078125,0.08813891559839249
36,0.0009758300781250001,0.09966091811656952
109,0.005970830078125,0.09166382998228073
145,0.003473330078125,0.10194981098175049
73,0.008468330078125001,0.08973291516304016
54,0.0047220800781249996,0.08940912038087845
127,0.009717080078125,0.08890727162361145
91,0.0022245800781250003,0.09987747669219971
18,0.007219580078125,0.08781978487968445
14,0.001912392578125,0.08995836228132248
86,0.006907392578125,0.09034092724323273
122,0.004409892578125,0.09677352011203766
50,0.009404892578125,0.08820147812366486
68,0.003161142578125,0.0937633216381073
141,0.008156142578125001,0.09135353565216064
104,0.0006636425781250001,0.1543227881193161
32,0.005658642578125,0.08944468945264816
23,0.003785517578125,0.0894177183508873
95,0.008780517578125,0.09050524234771729
132,0.0012880175781250002,0.12045727670192719
59,0.006283017578125,0.09005312621593475
41,3.9267578125e-05,0.5190856456756592
113,0.0050342675781249995,0.09289883077144623
77,0.0025367675781250002,0.0957363173365593
