77,0.005005,0.06358876079320908
113,0.0025075,0.06469085067510605
41,0.0075025000000000005,0.06380362063646317
59,0.0037562500000000005,0.06388037651777267
131,0.00875125,0.06334437429904938
95,0.00125875,0.07320363074541092
23,0.00625375,0.06361792236566544
32,0.003131875,0.06361998617649078
104,0.008126875,0.06367059797048569
140,0.0006343750000000001,0.09417077898979187
68,0.005629375,0.0638718456029892
50,0.0018831250000000003,0.06371082365512848
122,0.006878125,0.06386532634496689
86,0.004380625,0.06359170377254486
14,0.009375625,0.06354042887687683
18,0.0046928125,0.06367885321378708
91,0.0096878125,0.06369098275899887
127,0.0021953125,0.06510815024375916
54,0.0071903125,0.06354421377182007
72,0.0009465625000000001,0.06692881882190704
145,0.0059415625,0.06435075402259827
109,0.0034440625,0.06485320627689362
36,0.0084390625,0.06347588449716568
27,0.0015709375,0.06369458884000778
100,0.0065659375,0.0636783167719841
136,0.0040684375,0.06466920673847198
63,0.0090634375,0.06380370259284973
45,0.0028196875,0.06349731236696243
118,0.0078146875,0.06338085234165192
82,0.00032218750000000005,0.09486179798841476
9,0.0053171875,0.06335437297821045
11,0.00266359375,0.06352081149816513
84,0.0076585937500000005,0.06370143592357635
120,0.00016609375,0.3169842064380646
48,0.00516109375,0.06359805166721344
66,0.00141484375,0.06925330311059952
138,0.00640984375,0.06398283690214157
102,0.00391234375,0.0640559270977974
29,0.00890734375,0.06354790925979614
38,0.00079046875,0.06507185101509094
111,0.00578546875,0.06381011754274368
147,0.00328796875,0.06477117538452148
75,0.00828296875,0.0635586529970169
57,0.00453671875,0.06368731707334518
129,0.00953171875,0.06407994776964188
93,0.0020392187500000002,0.06817815452814102
20,0.00703421875,0.06353942304849625
16,0.00235140625,0.06344924867153168
88,0.00734640625,0.06393582373857498
125,0.00484890625,0.06358961760997772
52,0.00984390625,0.06367189437150955
70,0.00360015625,0.06335565447807312
143,0.00859515625,0.06358956545591354
106,0.0011026562500000001,0.07210907340049744
34,0.00609765625,0.0640137642621994
25,0.00422453125,0.0638878121972084
97,0.00921953125,0.06386817991733551
134,0.00172703125,0.07296853512525558
61,0.00672203125,0.06373680382966995
43,0.0004782812500000001,0.08142931014299393
116,0.00547328125,0.06377752870321274
79,0.00297578125,0.06370518356561661
7,0.00797078125,0.0638565942645073
8,0.003990390625,0.06341966241598129
80,0.008985390625,0.06384462863206863
117,0.001492890625,0.07607396692037582
44,0.006487890625,0.06386085599660873
62,0.00024414062500000005,0.10611586272716522
135,0.005239140625,0.06416404992341995
99,0.002741640625,0.06482522934675217
26,0.007736640625,0.06347472965717316
35,0.0021172656250000002,0.06394354999065399
108,0.007112265625,0.06367150694131851
144,0.0046147656249999995,0.06361022591590881
71,0.009609765625,0.06375094503164291
53,0.003366015625,0.06349854916334152
126,0.008361015625,0.06395449489355087
89,0.000868515625,0.07205595076084137
17,0.005863515625,0.06358513236045837
21,0.0011807031250000001,0.06377996504306793
94,0.006175703125,0.06342925131320953
130,0.003678203125,0.06520707160234451
58,0.008673203125,0.06379759311676025
76,0.0049269531249999995,0.06355521082878113
148,0.009921953125,0.06357119977474213
112,0.002429453125,0.0658201351761818
40,0.007424453125,0.06386946141719818
31,0.003053828125,0.06385794281959534
103,0.008048828125,0.06344863027334213
139,0.0005563281250000001,0.12273009866476059
67,0.005551328125,0.06392806768417358
49,0.001805078125,0.06423722207546234
121,0.006800078125,0.06368391215801239
85,0.0043025781249999995,0.06399306654930115
12,0.009297578125,0.06361115723848343
10,0.001336796875,0.06340005993843079
83,0.006331796875,0.06371772289276123
119,0.0038342968750000005,0.06491727381944656
46,0.008829296875,0.06383486837148666
65,0.002585546875,0.06390460580587387
137,0.007580546875,0.06369709968566895
101,8.8046875e-05,0.42768219113349915
28,0.005083046875,0.06386681646108627
37,0.0044586718749999995,0.06388641148805618
110,0.009453671875,0.06361116468906403
146,0.0019611718750000002,0.07311497628688812
74,0.006956171875,0.06373996287584305
55,0.0007124218750000001,0.06923877447843552
128,0.005707421875,0.06403232365846634
92,0.003209921875,0.06414585560560226
19,0.008204921875,0.06368526071310043
15,0.003522109375,0.06367674469947815
87,0.008517109375,0.06362957507371902
123,0.0010246093750000001,0.09685732424259186
51,0.006019609375,0.06371273100376129
69,0.002273359375,0.06474653631448746
142,0.007268359375,0.06368444859981537
105,0.0047708593749999995,0.06383060663938522
33,0.009765859375,0.06349260360002518
24,0.00040023437500000004,0.0663488507270813
96,0.005395234375,0.0636429712176323
133,0.002897734375,0.06535324454307556
60,0.007892734375,0.06382737308740616
42,0.0041464843749999996,0.06384292244911194
114,0.009141484375,0.06346338242292404
78,0.001648984375,0.06607849895954132
6,0.006643984375,0.0637347549200058
6,0.0033269921875000003,0.06349854171276093
79,0.0083219921875,0.0637039840221405
115,0.0008294921875,0.08331609517335892
42,0.0058244921875,0.06358851492404938
61,0.0020782421875,0.06426817923784256
133,0.0070732421875,0.06381215155124664
97,0.0045757421875,0.06374712288379669
24,0.0095707421875,0.06338401138782501
33,0.0002051171875,0.07551775127649307
106,0.0052001171875,0.06348570436239243
142,0.0027026171875000004,0.06641452014446259
70,0.0076976171875,0.06363958865404129
52,0.0039513671875,0.06369306147098541
124,0.0089463671875,0.06348001956939697
88,0.0014538671875,0.07309076189994812
15,0.0064488671875,0.06353352963924408
20,0.0017660546875,0.06352289021015167
92,0.0067610546875,0.06377144902944565
129,0.0042635546875,0.06427182257175446
56,0.0092585546875,0.06369537860155106
74,0.0030148046875000003,0.06391537934541702
147,0.0080098046875,0.06391710788011551
110,0.0005173046875000001,0.12046487629413605
38,0.0055123046875,0.06374311447143555
29,0.0048879296875,0.06357820332050323
101,0.0098829296875,0.0635908991098404
138,0.0023904296875,0.0685294046998024
65,0.0073854296875,0.06362446397542953
47,0.0011416796875000001,0.06614001095294952
119,0.0061366796874999996,0.0637921541929245
83,0.0036391796875000003,0.06422054767608643
11,0.0086341796875,0.06355840712785721
13,0.0006733984375000001,0.06396883726119995
85,0.0056683984375,0.06345906108617783
122,0.0031708984375000003,0.06465703248977661
49,0.0081658984375,0.06335797160863876
67,0.0044196484375,0.0638054832816124
140,0.009414648437500001,0.06346715986728668
104,0.0019221484375000002,0.06632039695978165
31,0.0069171484375,0.06362318992614746
40,0.0025465234375000004,0.06379744410514832
113,0.0075415234375,0.06367773562669754
149,4.90234375e-05,0.9520931839942932
76,0.0050440234375,0.06368133425712585
58,0.0012977734375,0.06637808680534363
131,0.0062927734375,0.0638338252902031
95,0.0037952734375000003,0.0634341910481453
22,0.008790273437500001,0.06349609792232513
18,0.0041074609375,0.0637340098619461
90,0.009102460937500001,0.0637628585100174
126,0.0016099609375,0.07054132223129272
54,0.0066049609375,0.06351196765899658
72,0.00036121093750000004,0.10016370564699173
144,0.0053562109375,0.06438865512609482
108,0.0028587109375000004,0.06465817987918854
36,0.0078537109375,0.06349437683820724
27,0.0022343359375,0.06350304931402206
99,0.0072293359375,0.06385917216539383
135,0.0047318359375,0.06394990533590317
63,0.009726835937500001,0.06387311965227127
45,0.0034830859375000003,0.06370807439088821
117,0.0084780859375,0.0635409951210022
81,0.0009855859375000001,0.07519932091236115
8,0.0059805859375,0.06352783739566803
7,0.0020001953125,0.06357043981552124
80,0.0069951953125,0.06355950981378555
116,0.0044976953125,0.06372683495283127
44,0.0094926953125,0.06363825500011444
62,0.0032489453125000003,0.06374454498291016
134,0.0082439453125,0.0639498382806778
98,0.0007514453125,0.07766767591238022
25,0.0057464453125,0.06348909437656403
35,0.0038733203125000002,0.06346835941076279
107,0.0088683203125,0.0637078657746315
143,0.0013758203125,0.07974306493997574
71,0.0063708203125,0.06367705017328262
53,0.0001270703125,0.1548844873905182
125,0.0051220703125,0.06373190879821777
89,0.0026245703125000004,0.06487369537353516
16,0.0076195703125,0.06356877088546753
21,0.0029367578125000003,0.0638231411576271
93,0.0079317578125,0.06383056938648224
130,0.00043925781250000003,0.13515591621398926
57,0.0054342578125,0.06390852481126785
75,0.0016880078125,0.06638675928115845
148,0.0066830078125,0.06390932202339172
112,0.0041855078125,0.06349590420722961
39,0.0091805078125,0.06365156918764114
30,0.0010636328125000001,0.06390522420406342
102,0.0060586328125,0.06368770450353622
139,0.0035611328125000003,0.06571345776319504
66,0.0085561328125,0.06356707960367203
48,0.0048098828125,0.06382932513952255
121,0.0098048828125,0.06347179412841797
84,0.0023123828125,0.06499824672937393
12,0.0073073828125,0.06343544274568558
10,0.0046537890625,0.06347722560167313
82,0.0096487890625,0.0634375512599945
118,0.0021562890625,0.06641264259815216
46,0.0071512890625,0.06380034983158112
64,0.0009075390625,0.06719857454299927
136,0.0059025390625,0.06366317719221115
100,0.0034050390625000003,0.06417729705572128
28,0.0084000390625,0.06371194869279861
37,0.0015319140625,0.06379054486751556
109,0.0065269140625,0.06361212581396103
146,0.0040294140625,0.06587419658899307
73,0.0090244140625,0.06386608630418777
55,0.0027806640625000004,0.06373563408851624
127,0.0077756640625,0.06330224126577377
91,0.00028316406250000005,0.12373416125774384
19,0.0052781640625,0.0636252835392952
14,0.0005953515625000001,0.0639529749751091
87,0.0055903515625,0.06356025487184525
123,0.0030928515625000003,0.06469903141260147
50,0.0080878515625,0.06384039670228958
69,0.0043416015625,0.0638575404882431
141,0.0093366015625,0.06333430856466293
105,0.0018441015625,0.06620423495769501
32,0.0068391015625,0.06350912153720856
23,0.0037172265625000003,0.06374507397413254
96,0.0087122265625,0.06385025382041931
132,0.0012197265625,0.07961685955524445
59,0.0062147265625,0.06352989375591278
41,0.0024684765625,0.06406515836715698
114,0.0074634765625,0.06362351775169373
78,0.0049659765625,0.0638076663017273
5,0.0099609765625,0.06412144750356674
5,0.00498548828125,0.06379242241382599
78,0.00998048828125,0.06368331611156464
114,0.0024879882812500003,0.06550376117229462
42,0.00748298828125,0.06374694406986237
60,0.00123923828125,0.0650361105799675
132,0.00623423828125,0.06357702612876892
96,0.00373673828125,0.06345797330141068
23,0.00873173828125,0.06354720890522003
33,0.0018636132812500001,0.0636075958609581
105,0.00685861328125,0.06358575820922852
141,0.00436111328125,0.06449050456285477
69,0.00935611328125,0.06381800025701523
51,0.0031123632812500002,0.06378647685050964
123,0.00810736328125,0.06352052837610245
87,0.0006148632812500001,0.09149248152971268
14,0.0056098632812499995,0.0636695921421051
19,0.00030267578125000005,0.07440095394849777
91,0.0052976757812499995,0.063777394592762
128,0.0028001757812500003,0.06631503999233246
55,0.00779517578125,0.06370963156223297
73,0.00404892578125,0.06387563794851303
146,0.00904392578125,0.06369086354970932
110,0.0015514257812500002,0.06845305114984512
37,0.00654642578125,0.06352996826171875
28,0.00342455078125,0.06336260586977005
101,0.00841955078125,0.06354773044586182
137,0.00092705078125,0.0931670293211937
64,0.00592205078125,0.06369462609291077
46,0.0021758007812500003,0.06338221579790115
119,0.00717080078125,0.06341501325368881
82,0.00467330078125,0.06366182863712311
10,0.00966830078125,0.06390227377414703
12,0.0023318945312500003,0.06388199329376221
85,0.00732689453125,0.06385603547096252
121,0.00482939453125,0.06401970982551575
48,0.00982439453125,0.0637935996055603
67,0.00358064453125,0.06383118778467178
139,0.008575644531250001,0.06411541998386383
103,0.00108314453125,0.0825122743844986
30,0.00607814453125,0.06362514942884445
39,0.00420501953125,0.06360924988985062
112,0.00920001953125,0.06375397741794586
148,0.0017075195312500002,0.07544457912445068
76,0.00670251953125,0.06366527825593948
57,0.00045876953125000003,0.07597339898347855
130,0.0054537695312499995,0.06400848180055618
94,0.0029562695312500002,0.06420451402664185
21,0.00795126953125,0.06336771696805954
17,0.0026440820312500003,0.06348927319049835
89,0.00763908203125,0.06363686919212341
125,0.00014658203125,0.3285842835903168
53,0.0051415820312499996,0.06361252814531326
71,0.0013953320312500002,0.0687340721487999
144,0.00639033203125,0.06411271542310715
107,0.00389283203125,0.0643351674079895
35,0.008887832031250001,0.0637737587094307
26,0.00077095703125,0.0649297758936882
98,0.00576595703125,0.06396272778511047
134,0.00326845703125,0.06572902202606201
62,0.008263457031250001,0.06361538171768188
44,0.00451720703125,0.06390582770109177
116,0.00951220703125,0.06337777525186539
80,0.0020197070312500003,0.06511158496141434
8,0.00701470703125,0.06368684768676758
9,0.00100509765625,0.06395196914672852
81,0.00600009765625,0.06363823264837265
117,0.00350259765625,0.06397191435098648
45,0.00849759765625,0.0636664405465126
63,0.00475134765625,0.06348883360624313
136,0.00974634765625,0.06363838911056519
99,0.0022538476562500003,0.06517786532640457
27,0.00724884765625,0.06358368694782257
36,0.0028782226562500002,0.0635594055056572
108,0.00787322265625,0.06360635906457901
145,0.00038072265625000004,0.13366305828094482
72,0.00537572265625,0.06343583017587662
54,0.0016294726562500002,0.0641719326376915
127,0.00662447265625,0.06395191699266434
90,0.00412697265625,0.0633549764752388
18,0.00912197265625,0.06352410465478897
22,0.00381478515625,0.06375756114721298
95,0.00880978515625,0.06356961280107498
131,0.0013172851562500002,0.08148683607578278
59,0.00631228515625,0.0634269192814827
77,6.853515625e-05,0.43303346633911133
149,0.00506353515625,0.06403330713510513
113,0.0025660351562500003,0.06766378879547119
40,0.00756103515625,0.06352068483829498
31,0.0019416601562500001,0.06339465826749802
104,0.00693666015625,0.06356486678123474
140,0.00443916015625,0.06497140228748322
68,0.00943416015625,0.06347383558750153
50,0.00319041015625,0.06364863365888596
122,0.00818541015625,0.06372252106666565
86,0.0006929101562500001,0.08516974002122879
13,0.00568791015625,0.06344874203205109
11,0.00365869140625,0.06355317682027817
84,0.00865369140625,0.06387202441692352
120,0.00116119140625,0.06748628616333008
47,0.00615619140625,0.06360536813735962
65,0.0024099414062500003,0.06413158774375916
138,0.00740494140625,0.06395678222179413
102,0.00490744140625,0.06343963742256165
29,0.00990244140625,0.06372252106666565
38,0.0005368164062500001,0.07009724527597427
111,0.00553181640625,0.06381957978010178
147,0.0030343164062500002,0.06488296389579773
74,0.00802931640625,0.06352004408836365
56,0.00428306640625,0.06369443237781525
129,0.00927806640625,0.06403524428606033
93,0.0017855664062500002,0.07211003452539444
20,0.00678056640625,0.06352011859416962
16,0.0014733789062500002,0.0637594535946846
88,0.00646837890625,0.06347797811031342
124,0.00397087890625,0.06370354443788528
52,0.00896587890625,0.06351723521947861
70,0.0027221289062500003,0.06393709033727646
142,0.00771712890625,0.06383884698152542
106,0.00022462890625,0.15408727526664734
34,0.00521962890625,0.06370620429515839
25,0.00459525390625,0.06375199556350708
97,0.00959025390625,0.06367383897304535
133,0.0020977539062500003,0.06848470866680145
61,0.00709275390625,0.0636863261461258
43,0.00084900390625,0.06937415897846222
115,0.00584400390625,0.06371142715215683
79,0.00334650390625,0.06378506869077682
6,0.00834150390625,0.0638788715004921
6,0.0016684960937500002,0.06360205262899399
78,0.00666349609375,0.06368661671876907
115,0.00416599609375,0.06373284757137299
42,0.00916099609375,0.06339257955551147
60,0.00291724609375,0.06401489675045013
133,0.00791224609375,0.06382734328508377
97,0.00041974609375000003,0.09669818729162216
24,0.00541474609375,0.06359851360321045
33,0.00479037109375,0.06354854255914688
106,0.00978537109375,0.06349247694015503
142,0.00229287109375,0.07172675430774689
69,0.00728787109375,0.06357352435588837
51,0.00104412109375,0.06618013232946396
124,0.00603912109375,0.06383766978979111
87,0.0035416210937500004,0.06390849500894547
15,0.00853662109375,0.0633811429142952
20,0.0032294335937500004,0.0637798011302948
92,0.00822443359375,0.06374957412481308
128,0.00073193359375,0.09488393366336823
56,0.00572693359375,0.06364250928163528
74,0.00198068359375,0.06455082446336746
146,0.0069756835937500004,0.06375053524971008
110,0.00447818359375,0.06383996456861496
38,0.00947318359375,0.06359031796455383
29,0.00010755859375,0.10319333523511887
101,0.00510255859375,0.06351318210363388
137,0.00260505859375,0.06861231476068497
65,0.00760005859375,0.06361300498247147
47,0.0038538085937500004,0.06353049725294113
119,0.00884880859375,0.06384985148906708
83,0.0013563085937500002,0.06886738538742065
10,0.00635130859375,0.0634947121143341
13,0.00432208984375,0.06384219974279404
85,0.00931708984375,0.06341176480054855
121,0.0018245898437500001,0.06763072311878204
49,0.00681958984375,0.06351025402545929
67,0.0005758398437500001,0.0919305756688118
140,0.00557083984375,0.06428194046020508
103,0.00307333984375,0.0653671994805336
31,0.00806833984375,0.06351667642593384
40,0.00244896484375,0.0634886845946312
112,0.00744396484375,0.06381382048130035
149,0.00494646484375,0.06499519944190979
76,0.009941464843750001,0.06341560184955597
58,0.0036977148437500004,0.06360127776861191
131,0.00869271484375,0.06365589052438736
94,0.00120021484375,0.08410940319299698
22,0.00619521484375,0.06347678601741791
17,0.00088802734375,0.06398573517799377
90,0.00588302734375,0.06353281438350677
126,0.0033855273437500004,0.06519387662410736
53,0.00838052734375,0.06394889950752258
72,0.00463427734375,0.0639762282371521
144,0.009629277343750001,0.06357986479997635
108,0.00213677734375,0.06482641398906708
35,0.00713177734375,0.06341738253831863
26,0.00276115234375,0.06380564719438553
99,0.00775615234375,0.06395205855369568
135,0.00026365234375000005,0.17720140516757965
63,0.00525865234375,0.06393742561340332
44,0.0015124023437500002,0.06392055004835129
117,0.00650740234375,0.06355823576450348
81,0.00400990234375,0.0638725757598877
8,0.00900490234375,0.06391926109790802
7,0.00299529296875,0.06346018612384796
80,0.00799029296875,0.06370669603347778
116,0.0004977929687500001,0.1410229653120041
43,0.00549279296875,0.06374958902597427
61,0.0017465429687500002,0.06443022936582565
134,0.00674154296875,0.06372197717428207
98,0.0042440429687499994,0.06399597972631454
25,0.00923904296875,0.06372416764497757
34,0.00112216796875,0.06389094144105911
107,0.00611716796875,0.06366319954395294
143,0.0036196679687500004,0.0646023377776146
70,0.00861466796875,0.06390448659658432
52,0.00486841796875,0.064015232026577
125,0.00986341796875,0.0634966790676117
89,0.00237091796875,0.0642719641327858
16,0.00736591796875,0.06356347352266312
21,0.00205873046875,0.06351152062416077
93,0.00705373046875,0.06355543434619904
129,0.00455623046875,0.06401396542787552
57,0.00955123046875,0.06373859196901321
75,0.0033074804687500004,0.06371291726827621
148,0.00830248046875,0.06367738544940948
111,0.00080998046875,0.08540631085634232
39,0.00580498046875,0.06392813473939896
30,0.0039318554687499995,0.06361466646194458
102,0.00892685546875,0.06371422111988068
138,0.0014343554687500002,0.07009036093950272
66,0.00642935546875,0.06364452093839645
48,0.00018560546875,0.11264994740486145
120,0.00518060546875,0.06384187191724777
84,0.00268310546875,0.06388458609580994
12,0.00767810546875,0.06340785324573517
9,0.00034169921875000004,0.06405627727508545
82,0.00533669921875,0.06349661201238632
118,0.00283919921875,0.06494348496198654
46,0.00783419921875,0.06358041614294052
64,0.0040879492187499995,0.06394530832767487
136,0.00908294921875,0.06362396478652954
100,0.0015904492187500002,0.06570182740688324
27,0.00658544921875,0.06353488564491272
37,0.0034635742187500004,0.06379635632038116
109,0.00845857421875,0.06356380134820938
145,0.0009660742187500001,0.09840185195207596
73,0.00596107421875,0.06358377635478973
55,0.00221482421875,0.06361491978168488
127,0.00720982421875,0.0634804368019104
91,0.00471232421875,0.06397396326065063
18,0.00970732421875,0.06345860660076141
14,0.00440013671875,0.06347358226776123
86,0.00939513671875,0.0634569600224495
123,0.0019026367187500001,0.07293133437633514
50,0.00689763671875,0.06374434381723404
68,0.0006538867187500001,0.0858265832066536
141,0.00564888671875,0.06374340504407883
104,0.0031513867187500004,0.06395711749792099
32,0.00814638671875,0.06381876766681671
23,0.0012782617187500002,0.06366963684558868
95,0.00627326171875,0.06382497400045395
132,0.0037757617187500004,0.06454823166131973
59,0.00877076171875,0.06386812776327133
41,0.00252701171875,0.06354158371686935
114,0.00752201171875,0.0638108029961586
77,2.9511718750000004e-05,0.5484991669654846
5,0.00502451171875,0.0637938603758812
5,0.0025172558593750003,0.06355827301740646
77,0.007512255859375,0.06333676725625992
114,1.9755859375e-05,1.0319690704345703
41,0.005014755859375,0.06375280022621155
59,0.001268505859375,0.06523708254098892
132,0.006263505859375,0.06376820802688599
96,0.003766005859375,0.06407833099365234
23,0.008761005859375,0.06335536390542984
32,0.0006441308593750001,0.0690137967467308
105,0.005639130859375,0.06373408436775208
141,0.0031416308593750003,0.06519021838903427
68,0.008136630859375,0.06357245147228241
50,0.004390380859375,0.06360939890146255
123,0.009385380859375,0.06381357461214066
86,0.0018928808593750002,0.0648757666349411
14,0.006887880859375,0.063539519906044
19,0.0022050683593750004,0.06386364251375198
91,0.007200068359375,0.06387113034725189
127,0.004702568359375,0.06385523080825806
55,0.009697568359375,0.06372111290693283
73,0.0034538183593750002,0.06398776918649673
145,0.008448818359375,0.06379375606775284
109,0.0009563183593750001,0.07538885623216629
37,0.005951318359375,0.06376897543668747
28,0.004078193359375,0.0638311356306076
100,0.009073193359375,0.06369399279356003
136,0.0015806933593750002,0.073174849152565
64,0.006575693359375,0.06358545273542404
46,0.00033194335937500004,0.08366376161575317
118,0.005326943359375,0.06365928798913956
82,0.0028294433593750003,0.0641406700015068
9,0.007824443359375,0.0636419802904129
12,0.000175849609375,0.07085200399160385
84,0.005170849609375,0.0636170357465744
120,0.0026733496093750003,0.06517081707715988
48,0.007668349609375,0.06361357122659683
66,0.003922099609375,0.06369080394506454
139,0.008917099609375,0.0637204498052597
102,0.001424599609375,0.07165107876062393
30,0.006419599609375,0.06345410645008087
39,0.0032977246093750003,0.0640791729092598
111,0.008292724609375,0.06382309645414352
148,0.0008002246093750001,0.08997498452663422
75,0.005795224609375,0.0635899156332016
57,0.002048974609375,0.06382221728563309
130,0.007043974609375,0.0637110099196434
93,0.004546474609375,0.06370826065540314
21,0.009541474609375,0.06335532665252686
16,0.004858662109375,0.06350768357515335
89,0.009853662109375,0.06360214203596115
125,0.0023611621093750004,0.0659087672829628
53,0.007356162109375,0.06374913454055786
71,0.001112412109375,0.0700589120388031
143,0.006107412109375,0.0641682893037796
107,0.0036099121093750002,0.0637938529253006
34,0.008604912109375,0.06360559910535812
25,0.0017367871093750002,0.06367543339729309
98,0.006731787109375,0.06378991156816483
134,0.004234287109375,0.06473267823457718
62,0.009229287109375,0.06373555958271027
43,0.0029855371093750003,0.06407514959573746
116,0.007980537109375,0.0635090097784996
80,0.0004880371093750001,0.10827509313821793
7,0.005483037109375,0.06361781805753708
8,0.001502646484375,0.0638074204325676
81,0.006497646484375,0.06353484839200974
117,0.004000146484375,0.06407139450311661
45,0.008995146484375001,0.0633704885840416
63,0.0027513964843750003,0.0635996013879776
135,0.007746396484375,0.06344960629940033
99,0.00025389648437500005,0.1747329980134964
26,0.005248896484375,0.06362202018499374
36,0.004624521484375,0.06386058032512665
108,0.009619521484375,0.0637880340218544
144,0.002127021484375,0.0730397179722786
72,0.007122021484375,0.06364795565605164
54,0.0008782714843750001,0.06963635981082916
126,0.0058732714843749995,0.06339282542467117
90,0.0033757714843750002,0.06432546675205231
17,0.008370771484375,0.0633452758193016
22,0.003687958984375,0.06369359791278839
94,0.008682958984375001,0.06362252682447433
131,0.001190458984375,0.0906790941953659
58,0.006185458984375,0.0639859065413475
76,0.0024392089843750004,0.06415032595396042
149,0.007434208984375,0.06355737149715424
113,0.004936708984375,0.06353192776441574
40,0.009931708984375,0.06371651589870453
31,0.000566083984375,0.06771625578403473
103,0.005561083984375,0.06329719722270966
140,0.0030635839843750003,0.06676676869392395
67,0.008058583984375,0.06356336921453476
49,0.004312333984375,0.06370995938777924
122,0.009307333984375001,0.0638757050037384
85,0.0018148339843750002,0.06734444946050644
13,0.006809833984375,0.06353471428155899
11,0.003844052734375,0.06362862884998322
83,0.008839052734375,0.06338311731815338
119,0.001346552734375,0.07939112186431885
47,0.006341552734375,0.0633883848786354
65,9.7802734375e-05,0.2705046832561493
137,0.005092802734375,0.0638246163725853
101,0.0025953027343750003,0.06614751368761063
29,0.007590302734375,0.06375352293252945
38,0.001970927734375,0.06355530023574829
110,0.006965927734375,0.06379204988479614
147,0.004468427734375,0.06406617164611816
74,0.009463427734375,0.06354516744613647
56,0.0032196777343750003,0.06355743110179901
128,0.008214677734375,0.0639079287648201
92,0.0007221777343750001,0.08358535170555115
20,0.0057171777343749995,0.06374289840459824
15,0.001034365234375,0.06355537474155426
88,0.006029365234375,0.06365665048360825
124,0.0035318652343750002,0.06485804170370102
51,0.008526865234375,0.06390886753797531
69,0.004780615234375,0.06403812766075134
142,0.009775615234375,0.06353697925806046
106,0.0022831152343750004,0.06625527143478394
33,0.007278115234375,0.06377559900283813
24,0.0029074902343750003,0.06394622474908829
97,0.007902490234375,0.06395253539085388
133,0.00040999023437500004,0.12659886479377747
60,0.005404990234375,0.06369581073522568
42,0.0016587402343750002,0.06398788839578629
115,0.006653740234375,0.06385316699743271
79,0.004156240234375,0.0637597143650055
6,0.009151240234375,0.06397663801908493
7,0.0008392480468750001,0.06356935203075409
79,0.005834248046875,0.06376183778047562
115,0.003336748046875,0.06446605920791626
43,0.008331748046875,0.06388329714536667
61,0.004585498046875,0.06351208686828613
133,0.009580498046875,0.06358501315116882
97,0.002087998046875,0.06816437095403671
25,0.007082998046875,0.06375374644994736
34,0.002712373046875,0.06353875249624252
106,0.007707373046875,0.06378430873155594
143,0.000214873046875,0.2733469605445862
70,0.005209873046875,0.06375374644994736
52,0.001463623046875,0.06388121098279953
124,0.006458623046875,0.06381671875715256
88,0.003961123046875,0.0642237737774849
16,0.008956123046875,0.06349464505910873
20,0.004273310546875,0.0638558641076088
93,0.009268310546875,0.06358188390731812
129,0.0017758105468750002,0.07192184031009674
56,0.006770810546875,0.0636204332113266
75,0.000527060546875,0.08280733227729797
147,0.005522060546875,0.06383755803108215
111,0.003024560546875,0.06379619985818863
38,0.008019560546875,0.06334725022315979
29,0.002400185546875,0.06366857886314392
102,0.0073951855468750004,0.06380187720060349
138,0.004897685546875,0.06374376267194748
66,0.009892685546875,0.06391137093305588
47,0.0036489355468750004,0.06348254531621933
120,0.008643935546875,0.06345532834529877
84,0.001151435546875,0.0731905922293663
11,0.006146435546875,0.06335020065307617
13,0.003180654296875,0.0635547861456871
86,0.008175654296875,0.0634002685546875
122,0.0006831542968750001,0.09221988171339035
50,0.005678154296875,0.06370165199041367
68,0.0019319042968750002,0.06480548530817032
140,0.006926904296875,0.06374313682317734
104,0.004429404296875,0.06389626115560532
32,0.009424404296875,0.06360392272472382
41,5.8779296875e-05,0.2762138545513153
113,0.005053779296875,0.06380236893892288
149,0.002556279296875,0.06917881220579147
77,0.007551279296875,0.06396085768938065
59,0.0038050292968750004,0.0638033077120781
131,0.008800029296875,0.06378021836280823
95,0.001307529296875,0.07482170313596725
22,0.006302529296875,0.06368380039930344
18,0.0016197167968750002,0.06363113969564438
90,0.006614716796875,0.06353642791509628
127,0.004117216796875,0.06488056480884552
54,0.009112216796875,0.06384974718093872
72,0.002868466796875,0.06358936429023743
145,0.007863466796875,0.0637960135936737
109,0.00037096679687500004,0.11407925933599472
36,0.005365966796875,0.06345755606889725
27,0.004741591796875,0.06352356821298599
100,0.009736591796875001,0.06392626464366913
136,0.002244091796875,0.06581250578165054
63,0.0072390917968750005,0.06357754021883011
45,0.000995341796875,0.06704442948102951
118,0.005990341796875,0.06359457969665527
81,0.0034928417968750004,0.06383635103702545
9,0.008487841796875,0.06379931420087814
8,0.0045074511718749995,0.06335536390542984
80,0.009502451171875,0.06361980736255646
117,0.002009951171875,0.07212692499160767
44,0.007004951171875,0.06356436014175415
62,0.0007612011718750001,0.07430845499038696
135,0.005756201171875,0.06401385366916656
98,0.003258701171875,0.06373392045497894
26,0.008253701171875,0.0637282133102417
35,0.001385576171875,0.063933365046978
107,0.006380576171875,0.0635790228843689
144,0.0038830761718750004,0.0650087222456932
71,0.008878076171875,0.063611701130867
53,0.002634326171875,0.06394375115633011
126,0.007629326171875,0.06379404664039612
89,0.000136826171875,0.26491647958755493
17,0.005131826171875,0.06351616233587265
21,0.00044901367187500003,0.06642035394906998
94,0.005444013671875,0.06370361149311066
130,0.002946513671875,0.06577528268098831
58,0.007941513671875,0.06347907334566116
76,0.0041952636718749995,0.06368495523929596
148,0.009190263671875,0.06359385699033737
112,0.0016977636718750002,0.06667213141918182
39,0.006692763671875,0.06337462365627289
30,0.0035708886718750004,0.0636742040514946
103,0.008565888671875,0.0635441467165947
139,0.001073388671875,0.0755561962723732
67,0.006068388671875,0.06383910775184631
49,0.002322138671875,0.06352448463439941
121,0.007317138671875,0.06341646611690521
85,0.004819638671875,0.06400305032730103
12,0.009814638671875,0.06366287916898727
10,0.002166044921875,0.06384501606225967
83,0.007161044921875,0.06378676742315292
119,0.0046635449218749995,0.06450828909873962
46,0.009658544921875,0.0638846680521965
64,0.003414794921875,0.0635523796081543
137,0.008409794921875,0.06361350417137146
101,0.0009172949218750001,0.09615056961774826
28,0.005912294921875,0.06392155587673187
37,0.0040391699218749995,0.06372543424367905
110,0.009034169921875,0.0635806992650032
146,0.001541669921875,0.07793428003787994
73,0.006536669921875,0.06375812739133835
55,0.00029291992187500005,0.09721802920103073
128,0.005287919921875,0.06369004398584366
92,0.002790419921875,0.06500773876905441
19,0.007785419921875,0.06371381133794785
15,0.003102607421875,0.06352220475673676
87,0.008097607421875,0.0634155124425888
123,0.000605107421875,0.09585943818092346
51,0.005600107421875,0.0638139620423317
69,0.0018538574218750002,0.06579481065273285
141,0.006848857421875,0.06391913443803787
105,0.0043513574218749995,0.06378665566444397
33,0.009346357421875,0.06341630220413208
24,0.001229482421875,0.06369182467460632
96,0.006224482421875,0.06359703838825226
132,0.0037269824218750004,0.06400678306818008
60,0.008721982421875,0.0638272762298584
42,0.004975732421875,0.06367272883653641
114,0.009970732421875,0.06379000842571259
78,0.002478232421875,0.06500661373138428
5,0.007473232421875,0.06395404785871506
5,0.002497744140625,0.06343946605920792
78,0.007492744140625,0.06359655410051346
114,0.004995244140625,0.06354377418756485
41,0.009990244140625,0.06369871646165848
60,0.0037464941406250003,0.06383411586284637
132,0.008741494140625,0.06373197585344315
96,0.0012489941406250002,0.07633418589830399
23,0.006243994140625,0.06370624154806137
32,0.004370869140625,0.0636533871293068
105,0.009365869140625,0.06374983489513397
141,0.001873369140625,0.08098682761192322
69,0.006868369140625,0.06352531164884567
51,0.000624619140625,0.06968193501234055
123,0.005619619140625,0.06357938796281815
87,0.0031221191406250004,0.0635056421160698
14,0.008117119140625,0.06356096267700195
19,0.002809931640625,0.06372792273759842
91,0.007804931640625,0.06375101953744888
128,0.00031243164062500005,0.1475597321987152
55,0.005307431640625,0.06368885189294815
73,0.0015611816406250001,0.06734424829483032
146,0.0065561816406249996,0.06357906758785248
109,0.004058681640625,0.06422063708305359
37,0.009053681640625,0.06351769715547562
28,0.0009368066406250001,0.06349299103021622
100,0.005931806640625,0.06378082931041718
137,0.0034343066406250003,0.0654389038681984
64,0.008429306640625,0.06364624202251434
46,0.004683056640625,0.06339146196842194
118,0.009678056640625,0.0638895109295845
82,0.002185556640625,0.06372761726379395
10,0.007180556640625,0.06359048932790756
12,0.004839150390625,0.06349281966686249
85,0.009834150390625001,0.06369666010141373
121,0.002341650390625,0.0723939910531044
48,0.007336650390625,0.06365400552749634
66,0.0010929003906250002,0.06688204407691956
139,0.006087900390625,0.06382742524147034
103,0.0035904003906250003,0.06384839117527008
30,0.008585400390625,0.06339599192142487
39,0.001717275390625,0.06409171968698502
112,0.006712275390625,0.06343425810337067
148,0.004214775390625,0.06441205739974976
75,0.009209775390625001,0.06364020705223083
57,0.0029660253906250004,0.06386206299066544
130,0.007961025390625,0.06397897750139236
94,0.00046852539062500003,0.100954569876194
21,0.005463525390625,0.06372661143541336
17,0.000156337890625,0.07462914288043976
89,0.005151337890625,0.06370355933904648
125,0.002653837890625,0.06549086421728134
53,0.007648837890625,0.06354378908872604
71,0.0039025878906250003,0.0637064054608345
143,0.008897587890625,0.06361646950244904
107,0.0014050878906250001,0.08004852384328842
35,0.006400087890625,0.06362030655145645
26,0.0032782128906250004,0.06386346369981766
98,0.008273212890625,0.06363412737846375
134,0.0007807128906250001,0.0953785851597786
62,0.005775712890625,0.06375516206026077
44,0.002029462890625,0.06346285343170166
116,0.007024462890625,0.06387308984994888
80,0.004526962890625,0.06386073678731918
7,0.009521962890625001,0.06391637027263641
9,0.0035123535156250003,0.06355328112840652
81,0.008507353515625,0.0635448694229126
117,0.0010148535156250002,0.08844545483589172
45,0.006009853515625,0.0635855570435524
63,0.002263603515625,0.06393291056156158
135,0.007258603515625,0.06378426402807236
99,0.004761103515625,0.06376216560602188
27,0.009756103515625,0.06332160532474518
36,0.00039047851562500004,0.07773550599813461
108,0.005385478515625,0.06409890949726105
145,0.0028879785156250004,0.0664893314242363
72,0.007882978515625,0.06382426619529724
54,0.004136728515625,0.06364960968494415
126,0.009131728515625,0.06373222172260284
90,0.0016392285156250001,0.0646602064371109
18,0.006634228515625,0.06362080574035645
22,0.0013270410156250001,0.06364097446203232
95,0.006322041015625,0.06367245316505432
131,0.0038245410156250003,0.06455858796834946
58,0.008819541015625,0.06343146413564682
77,0.002575791015625,0.0644705519080162
149,0.007570791015625,0.06431131064891815
113,7.8291015625e-05,0.6222649812698364
40,0.005073291015625,0.06368822604417801
31,0.004448916015625,0.06380525976419449
104,0.009443916015625,0.06387654691934586
140,0.001951416015625,0.07308757305145264
68,0.006946416015625,0.0633656308054924
49,0.0007026660156250001,0.07390658557415009
122,0.005697666015625,0.0641535297036171
86,0.0032001660156250004,0.06448567658662796
13,0.008195166015625,0.0635705292224884
11,0.0011709472656250002,0.06363208591938019
83,0.006165947265625,0.06369626522064209
120,0.0036684472656250003,0.06448792666196823
47,0.008663447265625,0.06351498514413834
65,0.004917197265625,0.06355320662260056
138,0.009912197265625,0.06364979594945908
101,0.002419697265625,0.06553725898265839
29,0.007414697265625,0.0635150820016861
38,0.0030440722656250004,0.06343767046928406
111,0.008039072265625,0.0635000690817833
147,0.000546572265625,0.1145094782114029
74,0.005541572265625,0.06366528570652008
56,0.001795322265625,0.06416763365268707
129,0.006790322265625,0.0638909637928009
92,0.004292822265625,0.06404366344213486
20,0.009287822265625,0.06341628730297089
15,0.003980634765624999,0.0634409487247467
88,0.008975634765625,0.06374779343605042
124,0.0014831347656250001,0.07396046072244644
52,0.006478134765625,0.06362742185592651
70,0.000234384765625,0.10284613072872162
142,0.005229384765625,0.063678078353405
106,0.002731884765625,0.06539538502693176
34,0.007726884765625,0.06384949386119843
24,0.002107509765625,0.06383571773767471
97,0.007102509765625,0.06389959156513214
133,0.004605009765625,0.06498086452484131
61,0.009600009765625,0.06390848755836487
43,0.0033562597656250004,0.06365609169006348
115,0.008351259765625,0.06376735866069794
79,0.0008587597656250001,0.06833639740943909
6,0.005853759765625,0.06370217353105545
6,0.004175751953125,0.06351761519908905
78,0.009170751953125,0.06351063400506973
115,0.0016782519531250001,0.07107091695070267
42,0.006673251953125,0.0637192353606224
60,0.00042950195312500003,0.08408134430646896
133,0.005424501953125,0.06387355923652649
96,0.002927001953125,0.06474670022726059
24,0.007922001953125,0.06347859650850296
33,0.0023026269531250003,0.06351711601018906
105,0.007297626953125,0.06398092955350876
142,0.004800126953125,0.06387589126825333
69,0.009795126953125,0.06383492052555084
51,0.003551376953125,0.06361528486013412
124,0.008546376953125,0.06347920000553131
87,0.0010538769531250002,0.0694887712597847
15,0.006048876953125,0.06347133964300156
19,0.0007416894531250001,0.06411344558000565
92,0.005736689453125,0.06386193633079529
128,0.003239189453125,0.06587636470794678
56,0.008234189453125,0.06365550309419632
74,0.004487939453125,0.0634986087679863
146,0.009482939453125,0.06395931541919708
110,0.0019904394531250003,0.06847230345010757
37,0.006985439453125,0.06383104622364044
28,0.0026148144531250002,0.06371266394853592
101,0.007609814453125,0.06395959109067917
137,0.000117314453125,0.5006253719329834
65,0.005112314453125,0.06393659114837646
47,0.0013660644531250001,0.06488489359617233
119,0.006361064453125,0.06395237147808075
83,0.003863564453125,0.06374800205230713
10,0.008858564453125,0.0637885108590126
13,0.001834345703125,0.06388214975595474
85,0.006829345703125,0.06378534436225891
121,0.004331845703125,0.06381683051586151
49,0.009326845703125,0.06362587958574295
67,0.003083095703125,0.06381768733263016
139,0.008078095703125,0.06382185965776443
103,0.000585595703125,0.08524495363235474
31,0.005580595703125,0.06340128928422928
40,0.004956220703125,0.06381551176309586
112,0.009951220703125,0.06358753889799118
149,0.0024587207031250002,0.07390232384204865
76,0.007453720703125,0.06360497325658798
58,0.0012099707031250002,0.06621520221233368
130,0.006204970703125,0.06352750957012177
94,0.003707470703125,0.06373848021030426
22,0.008702470703125,0.06338892132043839
17,0.003395283203125,0.06367094069719315
90,0.008390283203125,0.06361353397369385
126,0.0008977832031250001,0.07676204293966293
53,0.005892783203125,0.06360623240470886
71,0.0021465332031250003,0.06423592567443848
144,0.007141533203125,0.06399355828762054
108,0.004644033203125,0.06411679089069366
35,0.009639033203125,0.06355477124452591
26,0.00027340820312500005,0.0728926733136177
99,0.005268408203125,0.06359118968248367
135,0.002770908203125,0.06752542406320572
62,0.007765908203125,0.06354837119579315
44,0.004019658203125,0.06374474614858627
117,0.009014658203125,0.06335766613483429
81,0.0015221582031250001,0.06880073249340057
8,0.006517158203125,0.06363100558519363
7,0.000507548828125,0.06379957497119904
79,0.005502548828125,0.06363944709300995
116,0.003005048828125,0.06536991894245148
43,0.008000048828125,0.06392189860343933
61,0.004253798828125,0.06342296302318573
134,0.009248798828125,0.06363718956708908
98,0.001756298828125,0.07108147442340851
25,0.006751298828125,0.0636262595653534
34,0.003629423828125,0.06352611631155014
107,0.008624423828125,0.06371043622493744
143,0.0011319238281250002,0.0940827876329422
70,0.006126923828125,0.06380868703126907
52,0.0023806738281250002,0.06369569897651672
125,0.007375673828125,0.0639030784368515
88,0.0048781738281249995,0.06377796828746796
16,0.009873173828125,0.06354638189077377
21,0.004565986328125,0.0636415109038353
93,0.009560986328125,0.06362834572792053
129,0.0020684863281250003,0.0692242830991745
57,0.007063486328125,0.0638423040509224
75,0.0008197363281250001,0.08411893248558044
147,0.005814736328125,0.06408672779798508
111,0.003317236328125,0.06431005150079727
39,0.008312236328125,0.06381146609783173
30,0.0014441113281250001,0.06376965343952179
102,0.006439111328125,0.06365322321653366
138,0.003941611328125,0.06400687247514725
66,0.008936611328125,0.06372616440057755
48,0.002692861328125,0.06380920112133026
120,0.007687861328125,0.06386235356330872
84,0.000195361328125,0.14337801933288574
11,0.0051903613281249995,0.06331543624401093
9,0.002848955078125,0.063372403383255
82,0.007843955078125001,0.06386226415634155
118,0.00035145507812500004,0.13759908080101013
45,0.005346455078125,0.06360486894845963
64,0.0016002050781250001,0.06497875601053238
136,0.006595205078125,0.06397935003042221
100,0.004097705078125,0.06382875144481659
27,0.009092705078125,0.06365514546632767
36,0.0009758300781250001,0.0646403506398201
109,0.005970830078125,0.0640486553311348
145,0.003473330078125,0.06644181907176971
73,0.008468330078125001,0.06373828649520874
54,0.0047220800781249996,0.063801608979702
127,0.009717080078125,0.06362855434417725
91,0.0022245800781250003,0.06515981256961823
18,0.007219580078125,0.06365158408880234
14,0.001912392578125,0.0635799914598465
86,0.006907392578125,0.06375438719987869
122,0.004409892578125,0.06400361657142639
50,0.009404892578125,0.0636405348777771
68,0.003161142578125,0.06401251256465912
141,0.008156142578125001,0.06372327357530594
104,0.0006636425781250001,0.10482873767614365
32,0.005658642578125,0.06352554261684418
23,0.003785517578125,0.06380029022693634
95,0.008780517578125,0.06373052299022675
132,0.0012880175781250002,0.08193151652812958
59,0.006283017578125,0.06398630142211914
41,3.9267578125e-05,0.4170873761177063
113,0.0050342675781249995,0.06395912170410156
77,0.0025367675781250002,0.06362178921699524
