77,0.005005,0.09018842875957489
113,0.0025075,0.09809161722660065
41,0.0075025000000000005,0.08800116181373596
59,0.0037562500000000005,0.09038940817117691
131,0.00875125,0.09016943722963333
95,0.00125875,0.11240507662296295
23,0.00625375,0.0875946655869484
32,0.003131875,0.08943003416061401
104,0.008126875,0.08996624499559402
140,0.0006343750000000001,0.12075428664684296
68,0.005629375,0.0901390090584755
50,0.0018831250000000003,0.09391738474369049
122,0.006878125,0.09124903380870819
86,0.004380625,0.09155834466218948
14,0.009375625,0.0867137610912323
18,0.0046928125,0.08750959485769272
91,0.0096878125,0.08916232734918594
127,0.0021953125,0.10972221195697784
54,0.0071903125,0.0889192447066307
72,0.0009465625000000001,0.1256580650806427
145,0.0059415625,0.09365725517272949
109,0.0034440625,0.09319216758012772
36,0.0084390625,0.08786094933748245
27,0.0015709375,0.09095681458711624
100,0.0065659375,0.09072638303041458
136,0.0040684375,0.09700552374124527
63,0.0090634375,0.0877133458852768
45,0.0028196875,0.09148277342319489
118,0.0078146875,0.09056542813777924
82,0.00032218750000000005,0.19528864324092865
9,0.0053171875,0.08683668822050095
11,0.00266359375,0.08764265477657318
84,0.0076585937500000005,0.08947990089654922
120,0.00016609375,0.35332992672920227
48,0.00516109375,0.08927609771490097
66,0.00141484375,0.09979420155286789
138,0.00640984375,0.09240391105413437
102,0.00391234375,0.09315850585699081
29,0.00890734375,0.08730081468820572
38,0.00079046875,0.11938118934631348
111,0.00578546875,0.09235956519842148
147,0.00328796875,0.10598256438970566
75,0.00828296875,0.08922708034515381
57,0.00453671875,0.09041251242160797
129,0.00953171875,0.089887835085392
93,0.0020392187500000002,0.10112050920724869
20,0.00703421875,0.08733800798654556
16,0.00235140625,0.08851087093353271
88,0.00734640625,0.08973996341228485
125,0.00484890625,0.09490130096673965
52,0.00984390625,0.08780805766582489
70,0.00360015625,0.0917707234621048
143,0.00859515625,0.0895691066980362
106,0.0011026562500000001,0.12060016393661499
34,0.00609765625,0.08799176663160324
25,0.00422453125,0.08821775019168854
97,0.00921953125,0.08835197240114212
134,0.00172703125,0.11674236506223679
61,0.00672203125,0.08864010125398636
43,0.0004782812500000001,0.11440150439739227
116,0.00547328125,0.0923428013920784
79,0.00297578125,0.0949440747499466
7,0.00797078125,0.08613534271717072
8,0.003990390625,0.08702008426189423
80,0.008985390625,0.08932565152645111
117,0.001492890625,0.11880329251289368
44,0.006487890625,0.08856949955224991
62,0.00024414062500000005,0.1531270444393158
135,0.005239140625,0.09404712170362473
99,0.002741640625,0.0989161878824234
26,0.007736640625,0.08753268420696259
35,0.0021172656250000002,0.09131921827793121
108,0.007112265625,0.09094879776239395
144,0.0046147656249999995,0.09764788299798965
71,0.009609765625,0.08819030225276947
53,0.003366015625,0.0914124920964241
126,0.008361015625,0.088999904692173
89,0.000868515625,0.10861414670944214
17,0.005863515625,0.08741437643766403
21,0.0011807031250000001,0.09209197759628296
94,0.006175703125,0.09104722738265991
130,0.003678203125,0.09914715588092804
58,0.008673203125,0.0875612124800682
76,0.0049269531249999995,0.09065014868974686
148,0.009921953125,0.09006167948246002
112,0.002429453125,0.10467201471328735
40,0.007424453125,0.08813856542110443
31,0.003053828125,0.08851836621761322
103,0.008048828125,0.09043849259614944
139,0.0005563281250000001,0.14925354719161987
67,0.005551328125,0.08886217325925827
49,0.001805078125,0.0938870832324028
121,0.006800078125,0.09103351831436157
85,0.0043025781249999995,0.09205107390880585
12,0.009297578125,0.08658196777105331
10,0.001336796875,0.08882777392864227
83,0.006331796875,0.08996234089136124
119,0.0038342968750000005,0.09587115794420242
46,0.008829296875,0.0882444754242897
65,0.002585546875,0.09393273293972015
137,0.007580546875,0.09164309501647949
101,8.8046875e-05,0.5467821359634399
28,0.005083046875,0.08805926889181137
37,0.0044586718749999995,0.08870748430490494
110,0.009453671875,0.08957187831401825
146,0.0019611718750000002,0.11983572691679001
74,0.006956171875,0.0883045420050621
55,0.0007124218750000001,0.1084747463464737
128,0.005707421875,0.09359375387430191
92,0.003209921875,0.09312532842159271
19,0.008204921875,0.08721303939819336
15,0.003522109375,0.08765868097543716
87,0.008517109375,0.08947564661502838
123,0.0010246093750000001,0.11781027168035507
51,0.006019609375,0.08848045766353607
69,0.002273359375,0.09635426849126816
142,0.007268359375,0.09092802554368973
105,0.0047708593749999995,0.09233524650335312
33,0.009765859375,0.08732075244188309
24,0.00040023437500000004,0.10702501982450485
96,0.005395234375,0.09191865473985672
133,0.002897734375,0.10091198235750198
60,0.007892734375,0.08892989903688431
42,0.0041464843749999996,0.0891050472855568
114,0.009141484375,0.09076779335737228
78,0.001648984375,0.11027483642101288
6,0.006643984375,0.08591298758983612
6,0.0033269921875000003,0.08686590939760208
79,0.0083219921875,0.0882769450545311
115,0.0008294921875,0.11989641934633255
42,0.0058244921875,0.08836439996957779
61,0.0020782421875,0.09669607877731323
133,0.0070732421875,0.09159792214632034
97,0.0045757421875,0.09377244859933853
24,0.0095707421875,0.08718714863061905
33,0.0002051171875,0.1480349600315094
106,0.0052001171875,0.0919170156121254
142,0.0027026171875000004,0.09822347015142441
70,0.0076976171875,0.089399553835392
52,0.0039513671875,0.09056773781776428
124,0.0089463671875,0.0899965837597847
88,0.0014538671875,0.12325816601514816
15,0.0064488671875,0.08710328489542007
20,0.0017660546875,0.08996564149856567
92,0.0067610546875,0.08994821459054947
129,0.0042635546875,0.0950702652335167
56,0.0092585546875,0.08809328824281693
74,0.0030148046875000003,0.09317880123853683
147,0.0080098046875,0.09143561124801636
110,0.0005173046875000001,0.13762517273426056
38,0.0055123046875,0.08895637094974518
29,0.0048879296875,0.0882037878036499
101,0.0098829296875,0.08877722918987274
138,0.0023904296875,0.1155405342578888
65,0.0073854296875,0.0880131721496582
47,0.0011416796875000001,0.107908234000206
119,0.0061366796874999996,0.0907985121011734
83,0.0036391796875000003,0.09313540160655975
11,0.0086341796875,0.08661799132823944
13,0.0006733984375000001,0.09196339547634125
85,0.0056683984375,0.09001439064741135
122,0.0031708984375000003,0.09441214799880981
49,0.0081658984375,0.08834994584321976
67,0.0044196484375,0.09006369113922119
140,0.009414648437500001,0.0908866599202156
104,0.0019221484375000002,0.10462983697652817
31,0.0069171484375,0.08820345997810364
40,0.0025465234375000004,0.09123218804597855
113,0.0075415234375,0.08924834430217743
149,4.90234375e-05,0.6734119057655334
76,0.0050440234375,0.09003015607595444
58,0.0012977734375,0.1005806028842926
131,0.0062927734375,0.0932043269276619
95,0.0037952734375000003,0.0921538844704628
22,0.008790273437500001,0.08720139414072037
18,0.0041074609375,0.08770152926445007
90,0.009102460937500001,0.08961594849824905
126,0.0016099609375,0.09936907142400742
54,0.0066049609375,0.08904141932725906
72,0.00036121093750000004,0.15265057981014252
144,0.0053562109375,0.09490270167589188
108,0.0028587109375000004,0.10130704939365387
36,0.0078537109375,0.08797051012516022
27,0.0022343359375,0.08991879969835281
99,0.0072293359375,0.09029185026884079
135,0.0047318359375,0.09334655851125717
63,0.009726835937500001,0.08760346472263336
45,0.0034830859375000003,0.09012471139431
117,0.0084780859375,0.08998123556375504
81,0.0009855859375000001,0.13782283663749695
8,0.0059805859375,0.08657240867614746
7,0.0020001953125,0.0875251516699791
80,0.0069951953125,0.08971767872571945
116,0.0044976953125,0.09359746426343918
44,0.0094926953125,0.08790796995162964
62,0.0032489453125000003,0.09129577875137329
134,0.0082439453125,0.08880327641963959
98,0.0007514453125,0.11274730414152145
25,0.0057464453125,0.08761465549468994
35,0.0038733203125000002,0.08842522650957108
107,0.0088683203125,0.08838742226362228
143,0.0013758203125,0.11724157631397247
71,0.0063708203125,0.08912745863199234
53,0.0001270703125,0.23174762725830078
125,0.0051220703125,0.09415467083454132
89,0.0026245703125000004,0.09765966236591339
16,0.0076195703125,0.08698839694261551
21,0.0029367578125000003,0.08866629749536514
93,0.0079317578125,0.08845397084951401
130,0.00043925781250000003,0.18423835933208466
57,0.0054342578125,0.09010285139083862
75,0.0016880078125,0.09867094457149506
148,0.0066830078125,0.09227112680673599
112,0.0041855078125,0.09593430161476135
39,0.0091805078125,0.08744967728853226
30,0.0010636328125000001,0.09406960755586624
102,0.0060586328125,0.09024123102426529
139,0.0035611328125000003,0.10052912682294846
66,0.0085561328125,0.08876005560159683
48,0.0048098828125,0.08944959193468094
121,0.0098048828125,0.08979065716266632
84,0.0023123828125,0.09449756890535355
12,0.0073073828125,0.08681555092334747
10,0.0046537890625,0.08709752559661865
82,0.0096487890625,0.08808702230453491
118,0.0021562890625,0.09723825752735138
46,0.0071512890625,0.08858425915241241
64,0.0009075390625,0.11304895579814911
136,0.0059025390625,0.09284192323684692
100,0.0034050390625000003,0.09595125168561935
28,0.0084000390625,0.08753068000078201
37,0.0015319140625,0.09295147657394409
109,0.0065269140625,0.09169141203165054
146,0.0040294140625,0.09757175296545029
73,0.0090244140625,0.08880481868982315
55,0.0027806640625000004,0.0919211283326149
127,0.0077756640625,0.09103900194168091
91,0.00028316406250000005,0.18725773692131042
19,0.0052781640625,0.08760487288236618
14,0.0005953515625000001,0.09204705059528351
87,0.0055903515625,0.0904460921883583
123,0.0030928515625000003,0.097521111369133
50,0.0080878515625,0.08843294531106949
69,0.0043416015625,0.08986873924732208
141,0.0093366015625,0.08983868360519409
105,0.0018441015625,0.10586225986480713
32,0.0068391015625,0.08768147230148315
23,0.0037172265625000003,0.08836128562688828
96,0.0087122265625,0.08931075781583786
132,0.0012197265625,0.10859072953462601
59,0.0062147265625,0.08917636424303055
41,0.0024684765625,0.09084317088127136
114,0.0074634765625,0.09124717116355896
78,0.0049659765625,0.09062698483467102
5,0.0099609765625,0.08492773771286011
5,0.00498548828125,0.0861874371767044
78,0.00998048828125,0.08883211761713028
114,0.0024879882812500003,0.10211683809757233
42,0.00748298828125,0.08786912262439728
60,0.00123923828125,0.10569379478693008
132,0.00623423828125,0.09251193702220917
96,0.00373673828125,0.09395378082990646
23,0.00873173828125,0.08714861422777176
33,0.0018636132812500001,0.09153827279806137
105,0.00685861328125,0.09148146957159042
141,0.00436111328125,0.09956479072570801
69,0.00935611328125,0.08779365569353104
51,0.0031123632812500002,0.0914209708571434
123,0.00810736328125,0.0905628353357315
87,0.0006148632812500001,0.13689982891082764
14,0.0056098632812499995,0.0872943326830864
19,0.00030267578125000005,0.10732600092887878
91,0.0052976757812499995,0.0901818796992302
128,0.0028001757812500003,0.10938587784767151
55,0.00779517578125,0.08777470886707306
73,0.00404892578125,0.09176821261644363
146,0.00904392578125,0.09106949716806412
110,0.0015514257812500002,0.11419333517551422
37,0.00654642578125,0.08787422627210617
28,0.00342455078125,0.08893319219350815
101,0.00841955078125,0.08915086090564728
137,0.00092705078125,0.12263057380914688
64,0.00592205078125,0.08959609270095825
46,0.0021758007812500003,0.09242724627256393
119,0.00717080078125,0.08967585116624832
82,0.00467330078125,0.09107863157987595
10,0.00966830078125,0.08632057905197144
12,0.0023318945312500003,0.08795783668756485
85,0.00732689453125,0.08936723321676254
121,0.00482939453125,0.09334972500801086
48,0.00982439453125,0.08810019493103027
67,0.00358064453125,0.09120289236307144
139,0.008575644531250001,0.09058322757482529
103,0.00108314453125,0.1214287057518959
30,0.00607814453125,0.08794759213924408
39,0.00420501953125,0.08888684213161469
112,0.00920001953125,0.08883826434612274
148,0.0017075195312500002,0.10443446785211563
76,0.00670251953125,0.08946257829666138
57,0.00045876953125000003,0.12052825093269348
130,0.0054537695312499995,0.09367714822292328
94,0.0029562695312500002,0.09724652767181396
21,0.00795126953125,0.08720828592777252
17,0.0026440820312500003,0.08847499638795853
89,0.00763908203125,0.08901828527450562
125,0.00014658203125,0.27633580565452576
53,0.0051415820312499996,0.0894257053732872
71,0.0013953320312500002,0.10312928259372711
144,0.00639033203125,0.09263104945421219
107,0.00389283203125,0.09492814540863037
35,0.008887832031250001,0.08794832974672318
26,0.00077095703125,0.09568905085325241
98,0.00576595703125,0.09104525297880173
134,0.00326845703125,0.10284171253442764
62,0.008263457031250001,0.08917620033025742
44,0.00451720703125,0.0893247202038765
116,0.00951220703125,0.08996216207742691
80,0.0020197070312500003,0.10433321446180344
8,0.00701470703125,0.08636178821325302
9,0.00100509765625,0.08946935087442398
81,0.00600009765625,0.09003569185733795
117,0.00350259765625,0.0973702073097229
45,0.00849759765625,0.08819306641817093
63,0.00475134765625,0.0894794911146164
136,0.00974634765625,0.09071464836597443
99,0.0022538476562500003,0.09991593658924103
27,0.00724884765625,0.08764907717704773
36,0.0028782226562500002,0.09017447382211685
108,0.00787322265625,0.0905693992972374
145,0.00038072265625000004,0.16216088831424713
72,0.00537572265625,0.09094458818435669
54,0.0016294726562500002,0.09389693289995193
127,0.00662447265625,0.09234780818223953
90,0.00412697265625,0.09343786537647247
18,0.00912197265625,0.08676927536725998
22,0.00381478515625,0.0882001519203186
95,0.00880978515625,0.08954165130853653
131,0.0013172851562500002,0.12317337840795517
59,0.00631228515625,0.08911754935979843
77,6.853515625e-05,0.4806324541568756
149,0.00506353515625,0.09579721838235855
113,0.0025660351562500003,0.10414335131645203
40,0.00756103515625,0.08810868114233017
31,0.0019416601562500001,0.09094003587961197
104,0.00693666015625,0.09088186919689178
140,0.00443916015625,0.09748183935880661
68,0.00943416015625,0.08862805366516113
50,0.00319041015625,0.09112847596406937
122,0.00818541015625,0.08992520719766617
86,0.0006929101562500001,0.12216473370790482
13,0.00568791015625,0.08718914538621902
11,0.00365869140625,0.0873659998178482
84,0.00865369140625,0.0892408937215805
120,0.00116119140625,0.1263490468263626
47,0.00615619140625,0.08890333026647568
65,0.0024099414062500003,0.09633873403072357
138,0.00740494140625,0.09134051948785782
102,0.00490744140625,0.09021348506212234
29,0.00990244140625,0.08732007443904877
38,0.0005368164062500001,0.11783817410469055
111,0.00553181640625,0.09244544059038162
147,0.0030343164062500002,0.10324914753437042
74,0.00802931640625,0.08789525926113129
56,0.00428306640625,0.08989038318395615
129,0.00927806640625,0.09022993594408035
93,0.0017855664062500002,0.10159887373447418
20,0.00678056640625,0.08739785104990005
16,0.0014733789062500002,0.08997897803783417
88,0.00646837890625,0.09042423218488693
124,0.00397087890625,0.09560676664113998
52,0.00896587890625,0.08798769116401672
70,0.0027221289062500003,0.09399927407503128
142,0.00771712890625,0.09083487093448639
106,0.00022462890625,0.207515150308609
34,0.00521962890625,0.08832960575819016
25,0.00459525390625,0.08803477883338928
97,0.00959025390625,0.0881785899400711
133,0.0020977539062500003,0.10734517127275467
61,0.00709275390625,0.08848058432340622
43,0.00084900390625,0.10282834619283676
115,0.00584400390625,0.09254834800958633
79,0.00334650390625,0.09291578829288483
6,0.00834150390625,0.08548847585916519
6,0.0016684960937500002,0.08736047893762589
78,0.00666349609375,0.09006397426128387
115,0.00416599609375,0.09352345019578934
42,0.00916099609375,0.08753287047147751
60,0.00291724609375,0.09172855317592621
133,0.00791224609375,0.08998521417379379
97,0.00041974609375000003,0.13353848457336426
24,0.00541474609375,0.08781157433986664
33,0.00479037109375,0.08842615783214569
106,0.00978537109375,0.08911297470331192
142,0.00229287109375,0.10773402452468872
69,0.00728787109375,0.08833685517311096
51,0.00104412109375,0.10365109890699387
124,0.00603912109375,0.09135568886995316
87,0.0035416210937500004,0.09186036884784698
15,0.00853662109375,0.0868009477853775
20,0.0032294335937500004,0.08831975609064102
92,0.00822443359375,0.08959263563156128
128,0.00073193359375,0.10910265892744064
56,0.00572693359375,0.08917070925235748
74,0.00198068359375,0.10063689947128296
146,0.0069756835937500004,0.0934269055724144
110,0.00447818359375,0.0916239395737648
38,0.00947318359375,0.08801974356174469
29,0.00010755859375,0.16001714766025543
101,0.00510255859375,0.09250739961862564
137,0.00260505859375,0.10922262072563171
65,0.00760005859375,0.08788728713989258
47,0.0038538085937500004,0.09002618491649628
119,0.00884880859375,0.08869113773107529
83,0.0013563085937500002,0.10054118931293488
10,0.00635130859375,0.0867638811469078
13,0.00432208984375,0.08735647052526474
85,0.00931708984375,0.08862108737230301
121,0.0018245898437500001,0.11880909651517868
49,0.00681958984375,0.08871795237064362
67,0.0005758398437500001,0.13024289906024933
140,0.00557083984375,0.09298483282327652
103,0.00307333984375,0.09752810746431351
31,0.00806833984375,0.08790625631809235
40,0.00244896484375,0.09183447808027267
112,0.00744396484375,0.0898311585187912
149,0.00494646484375,0.09541575610637665
76,0.009941464843750001,0.08821766078472137
58,0.0036977148437500004,0.090470090508461
131,0.00869271484375,0.09065467119216919
94,0.00120021484375,0.10777293145656586
22,0.00619521484375,0.08747617900371552
17,0.00088802734375,0.09162852168083191
90,0.00588302734375,0.09089327603578568
126,0.0033855273437500004,0.09576383978128433
53,0.00838052734375,0.08829517662525177
72,0.00463427734375,0.0909239873290062
144,0.009629277343750001,0.09076401591300964
108,0.00213677734375,0.10840970277786255
35,0.00713177734375,0.0884317085146904
26,0.00276115234375,0.08933009952306747
99,0.00775615234375,0.0898442417383194
135,0.00026365234375000005,0.17071090638637543
63,0.00525865234375,0.0892176628112793
44,0.0015124023437500002,0.09620577096939087
117,0.00650740234375,0.09190936386585236
81,0.00400990234375,0.09253625571727753
8,0.00900490234375,0.08594883978366852
7,0.00299529296875,0.08716242015361786
80,0.00799029296875,0.08956709504127502
116,0.0004977929687500001,0.14907380938529968
43,0.00549279296875,0.08889595419168472
61,0.0017465429687500002,0.09477470070123672
134,0.00674154296875,0.08976519107818604
98,0.0042440429687499994,0.09272643178701401
25,0.00923904296875,0.08729729056358337
34,0.00112216796875,0.09363001585006714
107,0.00611716796875,0.08954953402280807
143,0.0036196679687500004,0.09854232519865036
70,0.00861466796875,0.08995170891284943
52,0.00486841796875,0.08946432173252106
125,0.00986341796875,0.08885205537080765
89,0.00237091796875,0.1022152453660965
16,0.00736591796875,0.08702664822340012
21,0.00205873046875,0.08959095180034637
93,0.00705373046875,0.08910262584686279
129,0.00455623046875,0.09605392813682556
57,0.00955123046875,0.08832747489213943
75,0.0033074804687500004,0.09396887570619583
148,0.00830248046875,0.09111154079437256
111,0.00080998046875,0.13523666560649872
39,0.00580498046875,0.08814887702465057
30,0.0039318554687499995,0.08881540596485138
102,0.00892685546875,0.08834920823574066
138,0.0014343554687500002,0.11863796412944794
66,0.00642935546875,0.08947401493787766
48,0.00018560546875,0.18187619745731354
120,0.00518060546875,0.09329812973737717
84,0.00268310546875,0.0947084054350853
12,0.00767810546875,0.08676978945732117
9,0.00034169921875000004,0.0954970046877861
82,0.00533669921875,0.09015033394098282
118,0.00283919921875,0.10035347193479538
46,0.00783419921875,0.08842755109071732
64,0.0040879492187499995,0.09082572162151337
136,0.00908294921875,0.09082689136266708
100,0.0015904492187500002,0.09546449035406113
27,0.00658544921875,0.08771922439336777
37,0.0034635742187500004,0.08934306353330612
109,0.00845857421875,0.08959459513425827
145,0.0009660742187500001,0.1449226588010788
73,0.00596107421875,0.08985821902751923
55,0.00221482421875,0.09469091147184372
127,0.00720982421875,0.0919393002986908
91,0.00471232421875,0.09202928096055984
18,0.00970732421875,0.08669115602970123
14,0.00440013671875,0.08759170025587082
86,0.00939513671875,0.0890188068151474
123,0.0019026367187500001,0.11594267934560776
50,0.00689763671875,0.08875835686922073
68,0.0006538867187500001,0.12255196273326874
141,0.00564888671875,0.09301508218050003
104,0.0031513867187500004,0.09328389912843704
32,0.00814638671875,0.08743417263031006
23,0.0012782617187500002,0.09198766946792603
95,0.00627326171875,0.09066514670848846
132,0.0037757617187500004,0.10003145039081573
59,0.00877076171875,0.08839667588472366
41,0.00252701171875,0.09131648391485214
114,0.00752201171875,0.09126365929841995
77,2.9511718750000004e-05,0.7628686428070068
5,0.00502451171875,0.08617749065160751
5,0.0025172558593750003,0.08692719042301178
77,0.007512255859375,0.08900174498558044
114,1.9755859375e-05,1.464948058128357
41,0.005014755859375,0.088899165391922
59,0.001268505859375,0.10228431969881058
132,0.006263505859375,0.09226943552494049
96,0.003766005859375,0.09447890520095825
23,0.008761005859375,0.08714280277490616
32,0.0006441308593750001,0.10459742695093155
105,0.005639130859375,0.09147735685110092
141,0.0031416308593750003,0.1034100279211998
68,0.008136630859375,0.08898404240608215
50,0.004390380859375,0.09005791693925858
123,0.009385380859375,0.08984404802322388
86,0.0018928808593750002,0.09870260208845139
14,0.006887880859375,0.08702745288610458
19,0.0022050683593750004,0.08921128511428833
91,0.007200068359375,0.09024754911661148
127,0.004702568359375,0.09326580166816711
55,0.009697568359375,0.08750814944505692
73,0.0034538183593750002,0.09418297559022903
145,0.008448818359375,0.09197422862052917
109,0.0009563183593750001,0.11373863369226456
37,0.005951318359375,0.08804354071617126
28,0.004078193359375,0.08853146433830261
100,0.009073193359375,0.08946949243545532
136,0.0015806933593750002,0.11871982365846634
64,0.006575693359375,0.08924631774425507
46,0.00033194335937500004,0.15051040053367615
118,0.005326943359375,0.09166454523801804
82,0.0028294433593750003,0.0947459265589714
9,0.007824443359375,0.0863799899816513
12,0.000175849609375,0.10714396834373474
84,0.005170849609375,0.09096024185419083
120,0.0026733496093750003,0.10155172646045685
48,0.007668349609375,0.08847246319055557
66,0.003922099609375,0.09092335402965546
139,0.008917099609375,0.09045112878084183
102,0.001424599609375,0.10704624652862549
30,0.006419599609375,0.08785995841026306
39,0.0032977246093750003,0.0894898772239685
111,0.008292724609375,0.09000075608491898
148,0.0008002246093750001,0.1259250044822693
75,0.005795224609375,0.09040189534425735
57,0.002048974609375,0.0970429852604866
130,0.007043974609375,0.0909230038523674
93,0.004546474609375,0.09117189049720764
21,0.009541474609375,0.08693882077932358
16,0.004858662109375,0.08739669620990753
89,0.009853662109375,0.08793297410011292
125,0.0023611621093750004,0.10121332854032516
53,0.007356162109375,0.08858370780944824
71,0.001112412109375,0.09789188951253891
143,0.006107412109375,0.0921480804681778
107,0.0036099121093750002,0.0958884209394455
34,0.008604912109375,0.0873999148607254
25,0.0017367871093750002,0.09079138934612274
98,0.006731787109375,0.08985664695501328
134,0.004234287109375,0.09800171852111816
62,0.009229287109375,0.08910020440816879
43,0.0029855371093750003,0.09098847210407257
116,0.007980537109375,0.09086073189973831
80,0.0004880371093750001,0.14688099920749664
7,0.005483037109375,0.08656565845012665
8,0.001502646484375,0.08812154084444046
81,0.006497646484375,0.0901871770620346
117,0.004000146484375,0.09422364830970764
45,0.008995146484375001,0.08811914920806885
63,0.0027513964843750003,0.09354447573423386
135,0.007746396484375,0.0911632776260376
99,0.00025389648437500005,0.1976778656244278
26,0.005248896484375,0.0879119485616684
36,0.004624521484375,0.08893004059791565
108,0.009619521484375,0.08990878611803055
144,0.002127021484375,0.09965286403894424
72,0.007122021484375,0.08956269174814224
54,0.0008782714843750001,0.11247295141220093
126,0.0058732714843749995,0.09081773459911346
90,0.0033757714843750002,0.09406200796365738
17,0.008370771484375,0.08694001287221909
22,0.003687958984375,0.0882687047123909
94,0.008682958984375001,0.08993340283632278
131,0.001190458984375,0.11360899358987808
58,0.006185458984375,0.08822569251060486
76,0.0024392089843750004,0.09633912891149521
149,0.007434208984375,0.09244418144226074
113,0.004936708984375,0.0929303914308548
40,0.009931708984375,0.08774978667497635
31,0.000566083984375,0.10727573186159134
103,0.005561083984375,0.09228842705488205
140,0.0030635839843750003,0.10125690698623657
67,0.008058583984375,0.08781690895557404
49,0.004312333984375,0.0897250548005104
122,0.009307333984375001,0.09020406752824783
85,0.0018148339843750002,0.10274887830018997
13,0.006809833984375,0.08701074123382568
11,0.003844052734375,0.0873853787779808
83,0.008839052734375,0.088507279753685
119,0.001346552734375,0.1275215893983841
47,0.006341552734375,0.08887233585119247
65,9.7802734375e-05,0.2637161314487457
137,0.005092802734375,0.09503743052482605
101,0.0025953027343750003,0.10433068126440048
29,0.007590302734375,0.08741898834705353
38,0.001970927734375,0.09176331758499146
110,0.006965927734375,0.09145274758338928
147,0.004468427734375,0.09522075206041336
74,0.009463427734375,0.0875883400440216
56,0.0032196777343750003,0.09117390960454941
128,0.008214677734375,0.09072317183017731
92,0.0007221777343750001,0.1411074995994568
20,0.0057171777343749995,0.08743990212678909
15,0.001034365234375,0.0904059112071991
88,0.006029365234375,0.09028947353363037
124,0.0035318652343750002,0.09836083650588989
51,0.008526865234375,0.08771391957998276
69,0.004780615234375,0.09028877317905426
142,0.009775615234375,0.08925565332174301
106,0.0022831152343750004,0.10941880196332932
33,0.007278115234375,0.08757781982421875
24,0.0029074902343750003,0.08903861790895462
97,0.007902490234375,0.08882749825716019
133,0.00040999023437500004,0.19796521961688995
60,0.005404990234375,0.08969326317310333
42,0.0016587402343750002,0.09327562898397446
115,0.006653740234375,0.09085558354854584
79,0.004156240234375,0.09085123986005783
6,0.009151240234375,0.0853545069694519
7,0.0008392480468750001,0.08917846530675888
79,0.005834248046875,0.08945081382989883
115,0.003336748046875,0.09707076102495193
43,0.008331748046875,0.08799944072961807
61,0.004585498046875,0.09001076221466064
133,0.009580498046875,0.08883682638406754
97,0.002087998046875,0.10023745149374008
25,0.007082998046875,0.08739084005355835
34,0.002712373046875,0.09021643549203873
106,0.007707373046875,0.08979842811822891
143,0.000214873046875,0.3060193657875061
70,0.005209873046875,0.09110632538795471
52,0.001463623046875,0.09791299700737
124,0.006458623046875,0.09162422269582748
88,0.003961123046875,0.09205648303031921
16,0.008956123046875,0.08681410551071167
20,0.004273310546875,0.0877661406993866
93,0.009268310546875,0.08796375244855881
129,0.0017758105468750002,0.10536683350801468
56,0.006770810546875,0.0887870192527771
75,0.000527060546875,0.14245417714118958
147,0.005522060546875,0.09347942471504211
111,0.003024560546875,0.09839996695518494
38,0.008019560546875,0.08828279376029968
29,0.002400185546875,0.08991417288780212
102,0.0073951855468750004,0.089207723736763
138,0.004897685546875,0.09314361959695816
66,0.009892685546875,0.08838985115289688
47,0.0036489355468750004,0.09028071910142899
120,0.008643935546875,0.09054487943649292
84,0.001151435546875,0.11006731539964676
11,0.006146435546875,0.0869615450501442
13,0.003180654296875,0.08748702704906464
86,0.008175654296875,0.08962023258209229
122,0.0006831542968750001,0.12809427082538605
50,0.005678154296875,0.0892414078116417
68,0.0019319042968750002,0.09696796536445618
140,0.006926904296875,0.09161291271448135
104,0.004429404296875,0.09443825483322144
32,0.009424404296875,0.08735626935958862
41,5.8779296875e-05,0.35171574354171753
113,0.005053779296875,0.09178215265274048
149,0.002556279296875,0.10028490424156189
77,0.007551279296875,0.08889330923557281
59,0.0038050292968750004,0.09060487151145935
131,0.008800029296875,0.0909627228975296
95,0.001307529296875,0.1124991774559021
22,0.006302529296875,0.08747033029794693
18,0.0016197167968750002,0.08971306681632996
90,0.006614716796875,0.09090661257505417
127,0.004117216796875,0.09396450966596603
54,0.009112216796875,0.08850318938493729
72,0.002868466796875,0.09631557017564774
145,0.007863466796875,0.09228046238422394
109,0.00037096679687500004,0.14793895184993744
36,0.005365966796875,0.08864453434944153
27,0.004741591796875,0.08823372423648834
100,0.009736591796875001,0.08931803703308105
136,0.002244091796875,0.11092394590377808
63,0.0072390917968750005,0.08820654451847076
45,0.000995341796875,0.10702779144048691
118,0.005990341796875,0.09254699945449829
81,0.0034928417968750004,0.09331871569156647
9,0.008487841796875,0.08626814186573029
8,0.0045074511718749995,0.08688921481370926
80,0.009502451171875,0.08909698575735092
117,0.002009951171875,0.11114846169948578
44,0.007004951171875,0.08842891454696655
62,0.0007612011718750001,0.10264508426189423
135,0.005756201171875,0.09353165328502655
98,0.003258701171875,0.09511544555425644
26,0.008253701171875,0.08755128085613251
35,0.001385576171875,0.09441830962896347
107,0.006380576171875,0.09005076438188553
144,0.0038830761718750004,0.09977761656045914
71,0.008878076171875,0.08838724344968796
53,0.002634326171875,0.0921771302819252
126,0.007629326171875,0.08948946744203568
89,0.000136826171875,0.30688321590423584
17,0.005131826171875,0.0874134972691536
21,0.00044901367187500003,0.09991691261529922
94,0.005444013671875,0.09202539920806885
130,0.002946513671875,0.09949453920125961
58,0.007941513671875,0.08772211521863937
76,0.0041952636718749995,0.09108854830265045
148,0.009190263671875,0.09030032902956009
112,0.0016977636718750002,0.11277995258569717
39,0.006692763671875,0.08788499981164932
30,0.0035708886718750004,0.08902764320373535
103,0.008565888671875,0.09029558300971985
139,0.001073388671875,0.1420636922121048
67,0.006068388671875,0.08884128928184509
49,0.002322138671875,0.09275715053081512
121,0.007317138671875,0.09119395911693573
85,0.004819638671875,0.0913258045911789
12,0.009814638671875,0.08652462065219879
10,0.002166044921875,0.08806157112121582
83,0.007161044921875,0.08941558003425598
119,0.0046635449218749995,0.09509827941656113
46,0.009658544921875,0.08810561150312424
64,0.003414794921875,0.09200295805931091
137,0.008409794921875,0.09098158031702042
101,0.0009172949218750001,0.12214791029691696
28,0.005912294921875,0.08778005093336105
37,0.0040391699218749995,0.08901513367891312
110,0.009034169921875,0.08970919996500015
146,0.001541669921875,0.12314338237047195
73,0.006536669921875,0.08943861722946167
55,0.00029291992187500005,0.15700416266918182
128,0.005287919921875,0.09543126076459885
92,0.002790419921875,0.09753064066171646
19,0.007785419921875,0.08728061616420746
15,0.003102607421875,0.08787991106510162
87,0.008097607421875,0.08974909782409668
123,0.000605107421875,0.15042906999588013
51,0.005600107421875,0.08865992724895477
69,0.0018538574218750002,0.10229679942131042
141,0.006848857421875,0.09072932600975037
105,0.0043513574218749995,0.09150915592908859
33,0.009346357421875,0.08732406795024872
24,0.001229482421875,0.09328650683164597
96,0.006224482421875,0.0915149375796318
132,0.0037269824218750004,0.09452495723962784
60,0.008721982421875,0.08872999250888824
42,0.004975732421875,0.08876406401395798
114,0.009970732421875,0.09067103266716003
78,0.002478232421875,0.0980999544262886
5,0.007473232421875,0.08564602583646774
5,0.002497744140625,0.08693572133779526
78,0.007492744140625,0.08955948799848557
114,0.004995244140625,0.09262572228908539
41,0.009990244140625,0.08746782690286636
60,0.0037464941406250003,0.09156618267297745
132,0.008741494140625,0.09050213545560837
96,0.0012489941406250002,0.11246060580015182
23,0.006243994140625,0.08759517967700958
32,0.004370869140625,0.088593028485775
105,0.009365869140625,0.08950439840555191
141,0.001873369140625,0.1019596979022026
69,0.006868369140625,0.08856696635484695
51,0.000624619140625,0.12108258157968521
123,0.005619619140625,0.09280484169721603
87,0.0031221191406250004,0.09378296136856079
14,0.008117119140625,0.08685334026813507
19,0.002809931640625,0.0887100100517273
91,0.007804931640625,0.08986401557922363
128,0.00031243164062500005,0.2125159502029419
55,0.005307431640625,0.08857022970914841
73,0.0015611816406250001,0.0985797867178917
146,0.0065561816406249996,0.09382942318916321
109,0.004058681640625,0.09276265650987625
37,0.009053681640625,0.08739042282104492
28,0.0009368066406250001,0.09631680697202682
100,0.005931806640625,0.09107965975999832
137,0.0034343066406250003,0.10149278491735458
64,0.008429306640625,0.08869151771068573
46,0.004683056640625,0.08951284736394882
118,0.009678056640625,0.0890248641371727
82,0.002185556640625,0.10226155817508698
10,0.007180556640625,0.08664144575595856
12,0.004839150390625,0.08724141865968704
85,0.009834150390625001,0.0884694829583168
121,0.002341650390625,0.11712823808193207
48,0.007336650390625,0.08854112774133682
66,0.0010929003906250002,0.10677943378686905
139,0.006087900390625,0.09263251721858978
103,0.0035904003906250003,0.0949188619852066
30,0.008585400390625,0.08753613382577896
39,0.001717275390625,0.09261612594127655
112,0.006712275390625,0.09093911945819855
148,0.004214775390625,0.10069870203733444
75,0.009209775390625001,0.08893225342035294
57,0.0029660253906250004,0.092854343354702
130,0.007961025390625,0.0908399224281311
94,0.00046852539062500003,0.13158704340457916
21,0.005463525390625,0.08753763884305954
17,0.000156337890625,0.11743899434804916
89,0.005151337890625,0.09110268950462341
125,0.002653837890625,0.10793145000934601
53,0.007648837890625,0.0885016992688179
71,0.0039025878906250003,0.09184613078832626
143,0.008897587890625,0.08942126482725143
107,0.0014050878906250001,0.1094953864812851
35,0.006400087890625,0.08870095014572144
26,0.0032782128906250004,0.08883916586637497
98,0.008273212890625,0.08936578035354614
134,0.0007807128906250001,0.10404486209154129
62,0.005775712890625,0.09010760486125946
44,0.002029462890625,0.09325957298278809
116,0.007024462890625,0.0908174142241478
80,0.004526962890625,0.0913708433508873
7,0.009521962890625001,0.08582589775323868
9,0.0035123535156250003,0.08734317868947983
81,0.008507353515625,0.0892997682094574
117,0.0010148535156250002,0.12969353795051575
45,0.006009853515625,0.08882468193769455
63,0.002263603515625,0.09566844999790192
135,0.007258603515625,0.09176113456487656
99,0.004761103515625,0.09239029884338379
27,0.009756103515625,0.08723574131727219
36,0.00039047851562500004,0.11424143612384796
108,0.005385478515625,0.09174665063619614
145,0.0028879785156250004,0.10518424957990646
72,0.007882978515625,0.08929061144590378
54,0.004136728515625,0.0903320237994194
126,0.009131728515625,0.08851967751979828
90,0.0016392285156250001,0.10353383421897888
18,0.006634228515625,0.08722012490034103
22,0.0013270410156250001,0.09147991985082626
95,0.006322041015625,0.09048908203840256
131,0.0038245410156250003,0.10111149400472641
58,0.008819541015625,0.0875614807009697
77,0.002575791015625,0.09438297152519226
149,0.007570791015625,0.09236197173595428
113,7.8291015625e-05,0.4508934020996094
40,0.005073291015625,0.08889452368021011
31,0.004448916015625,0.0886276587843895
104,0.009443916015625,0.08948078751564026
140,0.001951416015625,0.1265784502029419
68,0.006946416015625,0.08931399881839752
49,0.0007026660156250001,0.10659285634756088
122,0.005697666015625,0.09317471832036972
86,0.0032001660156250004,0.09360779821872711
13,0.008195166015625,0.08684518933296204
11,0.0011709472656250002,0.0894354060292244
83,0.006165947265625,0.09050406515598297
120,0.0036684472656250003,0.09490141272544861
47,0.008663447265625,0.08829356729984283
65,0.004917197265625,0.08910301327705383
138,0.009912197265625,0.09048277884721756
101,0.002419697265625,0.09965956211090088
29,0.007414697265625,0.08744700253009796
38,0.0030440722656250004,0.09031727910041809
111,0.008039072265625,0.0903485044836998
147,0.000546572265625,0.14621654152870178
74,0.005541572265625,0.08913318067789078
56,0.001795322265625,0.09481719881296158
129,0.006790322265625,0.09239713847637177
92,0.004292822265625,0.09166926145553589
20,0.009287822265625,0.08692868798971176
15,0.003980634765624999,0.08749151974916458
88,0.008975634765625,0.0891241505742073
124,0.0014831347656250001,0.1103462278842926
52,0.006478134765625,0.08866652101278305
70,0.000234384765625,0.1526491492986679
142,0.005229384765625,0.0947999656200409
106,0.002731884765625,0.09841051697731018
34,0.007726884765625,0.08754657208919525
24,0.002107509765625,0.08978043496608734
97,0.007102509765625,0.08924570679664612
133,0.004605009765625,0.09436967968940735
61,0.009600009765625,0.08782107383012772
43,0.0033562597656250004,0.08986574411392212
115,0.008351259765625,0.09043125808238983
79,0.0008587597656250001,0.11697465926408768
6,0.005853759765625,0.08620704710483551
6,0.004175751953125,0.08665074408054352
78,0.009170751953125,0.08903927356004715
115,0.0016782519531250001,0.10948913544416428
42,0.006673251953125,0.08807703852653503
60,0.00042950195312500003,0.11433720588684082
133,0.005424501953125,0.09342542290687561
96,0.002927001953125,0.0965961366891861
24,0.007922001953125,0.08748619258403778
33,0.0023026269531250003,0.09034055471420288
105,0.007297626953125,0.09048587083816528
142,0.004800126953125,0.09478452801704407
69,0.009795126953125,0.08771216869354248
51,0.003551376953125,0.09022048860788345
124,0.008546376953125,0.09069563448429108
87,0.0010538769531250002,0.11625519394874573
15,0.006048876953125,0.08718305081129074
19,0.0007416894531250001,0.09331124275922775
92,0.005736689453125,0.09084682911634445
128,0.003239189453125,0.10218972712755203
56,0.008234189453125,0.08835689723491669
74,0.004487939453125,0.0909072682261467
146,0.009482939453125,0.09042569994926453
110,0.0019904394531250003,0.11411616951227188
37,0.006985439453125,0.08776544034481049
28,0.0026148144531250002,0.08954856544733047
101,0.007609814453125,0.08962742239236832
137,0.000117314453125,0.49264591932296753
65,0.005112314453125,0.08921580016613007
47,0.0013660644531250001,0.09694467484951019
119,0.006361064453125,0.0919041633605957
83,0.003863564453125,0.09267853200435638
10,0.008858564453125,0.08642048388719559
13,0.001834345703125,0.08862388134002686
85,0.006829345703125,0.08942931890487671
121,0.004331845703125,0.09561431407928467
49,0.009326845703125,0.08808664232492447
67,0.003083095703125,0.09254682064056396
139,0.008078095703125,0.09102218598127365
103,0.000585595703125,0.14200612902641296
31,0.005580595703125,0.08869936317205429
40,0.004956220703125,0.08895835280418396
112,0.009951220703125,0.08892052620649338
149,0.0024587207031250002,0.10452884435653687
76,0.007453720703125,0.08896403759717941
58,0.0012099707031250002,0.10741709917783737
130,0.006204970703125,0.09196716547012329
94,0.003707470703125,0.09265699237585068
22,0.008702470703125,0.08721496164798737
17,0.003395283203125,0.0879560112953186
90,0.008390283203125,0.08984586596488953
126,0.0008977832031250001,0.13011020421981812
53,0.005892783203125,0.08910432457923889
71,0.0021465332031250003,0.10044342279434204
144,0.007141533203125,0.09196293354034424
108,0.004644033203125,0.09369156509637833
35,0.009639033203125,0.08780821412801743
26,0.00027340820312500005,0.12070999294519424
99,0.005268408203125,0.0924636498093605
135,0.002770908203125,0.09961308538913727
62,0.007765908203125,0.08926621079444885
44,0.004019658203125,0.08959805220365524
117,0.009014658203125,0.08968695253133774
81,0.0015221582031250001,0.10863528400659561
8,0.006517158203125,0.08646278828382492
7,0.000507548828125,0.09092938899993896
79,0.005502548828125,0.09010419994592667
116,0.003005048828125,0.1016913652420044
43,0.008000048828125,0.08807215839624405
61,0.004253798828125,0.09004513174295425
134,0.009248798828125,0.08838346600532532
98,0.001756298828125,0.10812493413686752
25,0.006751298828125,0.08741891384124756
34,0.003629423828125,0.0892157256603241
107,0.008624423828125,0.08838092535734177
143,0.0011319238281250002,0.13347095251083374
70,0.006126923828125,0.0900905653834343
52,0.0023806738281250002,0.09264138340950012
125,0.007375673828125,0.09092531353235245
88,0.0048781738281249995,0.09233377873897552
16,0.009873173828125,0.08671270310878754
21,0.004565986328125,0.08776990324258804
93,0.009560986328125,0.08800181746482849
129,0.0020684863281250003,0.10572102665901184
57,0.007063486328125,0.08907900005578995
75,0.0008197363281250001,0.12299957126379013
147,0.005814736328125,0.09677089005708694
111,0.003317236328125,0.0952652245759964
39,0.008312236328125,0.08757855743169785
30,0.0014441113281250001,0.09259869158267975
102,0.006439111328125,0.08965984731912613
138,0.003941611328125,0.09901733696460724
66,0.008936611328125,0.08862242847681046
48,0.002692861328125,0.09159503132104874
120,0.007687861328125,0.0909956768155098
84,0.000195361328125,0.22529082000255585
11,0.0051903613281249995,0.08713103085756302
9,0.002848955078125,0.08755165338516235
82,0.007843955078125001,0.08876911550760269
118,0.00035145507812500004,0.209193617105484
45,0.005346455078125,0.08901961892843246
64,0.0016002050781250001,0.10038581490516663
136,0.006595205078125,0.0924471914768219
100,0.004097705078125,0.0942225456237793
27,0.009092705078125,0.08736105263233185
36,0.0009758300781250001,0.09743451327085495
109,0.005970830078125,0.0919039249420166
145,0.003473330078125,0.09920186549425125
73,0.008468330078125001,0.08892979472875595
54,0.0047220800781249996,0.08983489871025085
127,0.009717080078125,0.09056873619556427
91,0.0022245800781250003,0.09918423742055893
18,0.007219580078125,0.08709012717008591
14,0.001912392578125,0.08876963704824448
86,0.006907392578125,0.09032445400953293
122,0.004409892578125,0.09412093460559845
50,0.009404892578125,0.08814612776041031
68,0.003161142578125,0.09201201051473618
141,0.008156142578125001,0.09114033728837967
104,0.0006636425781250001,0.16659624874591827
32,0.005658642578125,0.08805066347122192
23,0.003785517578125,0.0883142352104187
95,0.008780517578125,0.08960310369729996
132,0.0012880175781250002,0.12743422389030457
59,0.006283017578125,0.0892515629529953
41,3.9267578125e-05,0.40517932176589966
113,0.0050342675781249995,0.09282656759023666
77,0.0025367675781250002,0.0950651615858078
