0.07542570680379868
0.20155826210975647
0.22183042764663696
0.13302423059940338
0.13286012411117554
0.16953787207603455
0.18830734491348267
0.12005455046892166
0.10316712409257889
0.08984337747097015
0.11922411620616913
0.19018559157848358
0.1418270468711853
0.0674562156200409
0.10696343332529068
0.1330631822347641
0.12066186219453812
0.1455412209033966
0.13697482645511627
0.16679537296295166
0.05998969450592995
0.10416048020124435
0.09702904522418976
0.07665594667196274
0.18458324670791626
0.11587134003639221
0.18613910675048828
0.08764486759901047
0.12021299451589584
0.11090030521154404
0.14914798736572266
0.07941126078367233
0.1265585571527481
0.15764519572257996
0.10384867340326309
0.0964929386973381
0.13378043472766876
0.11565715074539185
0.16579227149486542
0.11013451963663101
0.1437940001487732
0.13943272829055786
0.14006000757217407
0.10131444036960602
0.1426488310098648
0.1535792052745819
0.1323305368423462
0.1264651119709015
0.10127629339694977
0.1263837367296219
0.11528119444847107
0.09077766537666321
0.15043359994888306
0.1204364150762558
0.17651531100273132
0.11136774718761444
0.09911179542541504
0.07365807145833969
0.12246686220169067
0.12052057683467865
0.12619902193546295
0.07649368792772293
0.13424846529960632
0.18122194707393646
0.11834670603275299
0.09484725445508957
0.10620342940092087
0.05813254788517952
0.13310982286930084
0.09511122852563858
0.11573611199855804
0.07578486949205399
0.18807703256607056
0.10109344124794006
0.11614722013473511
0.13383889198303223
0.17785774171352386
0.14895623922348022
0.09935940057039261
0.10712314397096634
0.06479652971029282
0.09870956093072891
0.10079827904701233
0.10507374256849289
0.11320072412490845
0.1981753408908844
0.15605439245700836
0.11000176519155502
0.09961310774087906
0.0772816389799118
0.18434691429138184
0.15035942196846008
0.11805393546819687
0.1404860019683838
0.190301775932312
0.12232176959514618
0.09154994040727615
0.1390443742275238
0.11048536747694016
0.0857221856713295
0.0860845148563385
0.21037490665912628
0.15013277530670166
0.10500481724739075
0.18830528855323792
0.14950773119926453
0.09978758543729782
0.1097535789012909
0.10291395336389542
0.1374959796667099
0.07911026477813721
0.14115676283836365
0.0729893147945404
0.11249574273824692
0.10017941892147064
0.17375682294368744
0.0689159408211708
0.17665527760982513
0.1708104908466339
0.07486584037542343
0.1366274505853653
0.18960131704807281
0.11855819821357727
0.10254677385091782
0.11292851716279984
0.08205926418304443
0.1670445203781128
0.16794735193252563
0.16241778433322906
0.09264901280403137
0.13115699589252472
0.07450904697179794
0.16057588160037994
0.2325173020362854
0.11462441831827164
0.08873991668224335
0.10718638449907303
0.1480751484632492
0.059045787900686264
0.08490526676177979
0.0651271641254425
0.11590740084648132
0.08522514253854752
0.17054055631160736
0.10327254980802536
0.11146190017461777
0.08191476762294769
0.08378347009420395
0.10620301961898804
0.136618971824646
0.1269865781068802
0.08355209231376648
0.07450290769338608
0.07576674222946167
0.09135203063488007
0.08297520130872726
0.17334628105163574
0.09718038141727448
0.1464245468378067
0.12913861870765686
0.1354314237833023
0.11978772282600403
0.11577560752630234
0.08387436717748642
0.07621079683303833
0.10684006661176682
0.13950777053833008
0.08553426712751389
0.10780928283929825
0.19040198624134064
0.10553783178329468
0.0959906131029129
0.06350414454936981
0.15144197642803192
0.14187823235988617
0.09416400641202927
0.13673992455005646
0.13262353837490082
0.12044501304626465
0.19420652091503143
0.1407615691423416
0.1437465250492096
0.15777169167995453
0.13049481809139252
0.10452155023813248
0.1478048413991928
0.11606784909963608
0.11956813931465149
0.0902838334441185
0.17831958830356598
0.17372816801071167
0.11276493966579437
0.07905735820531845
0.15089941024780273
0.21258535981178284
0.14281538128852844
0.11099907755851746
0.17076343297958374
0.0871351808309555
0.11472517251968384
0.09653614461421967
0.12753522396087646
0.12988975644111633
0.16384220123291016
0.09336615353822708
0.09360455721616745
0.1007663905620575
0.13212500512599945
0.10565566271543503
0.11048299819231033
0.1943274438381195
0.09780262410640717
0.10663168132305145
0.11503557860851288
0.15216654539108276
0.13288487493991852
0.1356382966041565
0.14435052871704102
0.11805573850870132
0.11418617516756058
0.10640554875135422
0.1325758546590805
0.05317553132772446
0.11824566125869751
0.07850198447704315
0.07553483545780182
0.1503344476222992
0.09650997072458267
0.07402931153774261
0.09820405393838882
0.08185258507728577
0.16315358877182007
0.11364725232124329
0.14456279575824738
0.1635083109140396
0.1327521651983261
0.12214024364948273
0.16494056582450867
0.1416909396648407
0.13809023797512054
0.17765986919403076
0.10348299890756607
0.10707983374595642
0.08931871503591537
0.14781799912452698
0.14905516803264618
0.08490399271249771
0.11130005866289139
0.11341279000043869
0.09379474818706512
0.09821571409702301
0.07701629400253296
0.1678285300731659
0.13881753385066986
0.1263500154018402
0.12739992141723633
0.12412106245756149
0.08434451371431351
0.12174078822135925
0.0728621557354927
0.17431491613388062
0.14250172674655914
0.10341783612966537
0.14910542964935303
0.19681304693222046
0.13111764192581177
0.0880582332611084
0.1836273968219757
0.11657926440238953
0.08910460770130157
0.14679622650146484
0.07989293336868286
0.12864235043525696
0.07883045822381973
0.07856763899326324
0.07851891964673996
0.08853796869516373
0.06962323933839798
0.1251702606678009
0.17337748408317566
0.10639582574367523
0.1469831019639969
0.10391797870397568
0.08053992688655853
0.13457489013671875
0.13394974172115326
0.13609927892684937
0.13761937618255615
0.1939792037010193
0.11262989789247513
0.09904170036315918
0.12113285809755325
0.08364516496658325
0.11266890168190002
0.09213527292013168
0.19081158936023712
0.14123864471912384
0.09932094812393188
0.13372454047203064
0.09698853641748428
0.0894969254732132
0.07923334091901779
0.1575404405593872
0.1284104734659195
0.12662051618099213
0.08181092143058777
0.12957890331745148
0.14595425128936768
0.07904225587844849
0.1714787781238556
0.08715493977069855
0.07828252017498016
0.09233439713716507
0.10212229937314987
0.1273917704820633
0.08105041831731796
0.13402870297431946
0.0962100476026535
0.0736464411020279
0.08985521644353867
0.14888718724250793
0.09401777386665344
0.0809498131275177
0.1432764083147049
0.11863892525434494
0.09168939292430878
0.10255540162324905
0.13067306578159332
0.183716282248497
0.09059534221887589
0.1700057089328766
0.09911639243364334
0.1036749854683876
0.11032930761575699
0.12451434880495071
0.16198360919952393
0.12327565252780914
0.07357629388570786
0.09563892334699631
0.16335172951221466
0.117123544216156
0.0753866657614708
0.1643461138010025
0.1254265308380127
0.0996832475066185
0.17157264053821564
0.09627190232276917
0.12997357547283173
0.10113661736249924
0.17328260838985443
0.09693264216184616
0.15484759211540222
0.08572977781295776
0.06647899001836777
0.19283777475357056
0.14804156124591827
0.14318381249904633
0.10311303287744522
0.17116276919841766
0.18956145644187927
0.14679308235645294
0.16968129575252533
0.12559100985527039
0.11866961419582367
0.09465858340263367
0.11793764680624008
0.2010975480079651
0.12543796002864838
0.11654996126890182
0.12570907175540924
0.08248534053564072
0.10108614712953568
0.13380639255046844
0.08697307854890823
0.14305028319358826
0.14298269152641296
0.09772463887929916
0.13456463813781738
0.092356838285923
0.10090384632349014
0.11011584103107452
0.1458740532398224
0.10740399360656738
0.13607944548130035
0.07783547043800354
0.10802032053470612
0.07236183434724808
0.15963324904441833
0.10435105860233307
0.1190805435180664
0.07123936712741852
0.09551414847373962
0.10581323504447937
0.1491142362356186
0.12370200455188751
0.10926796495914459
0.08432421833276749
0.16317875683307648
0.08767474442720413
0.0852402076125145
0.13064232468605042
0.1407012790441513
0.1759967803955078
0.11499898135662079
0.0889420360326767
0.2104743868112564
0.11506890505552292
0.09862324595451355
0.1368367075920105
0.12733332812786102
0.16699054837226868
0.07391829788684845
0.0852050855755806
0.07581720501184464
0.06825096905231476
0.13756902515888214
0.09898335486650467
0.08061078190803528
0.07389410585165024
0.15576250851154327
0.12873919308185577
0.13743498921394348
0.24717426300048828
0.09695737063884735
0.13203288614749908
0.17183485627174377
0.06597740203142166
0.128534197807312
0.07695915549993515
0.1266656517982483
0.11018142104148865
0.13443003594875336
0.12392544746398926
0.09594834595918655
0.12028893083333969
0.16481301188468933
0.06804680824279785
0.1774720698595047
0.07191824913024902
0.13547001779079437
0.11046622693538666
0.11856718361377716
0.17086412012577057
0.13144415616989136
0.08003193885087967
0.08811887353658676
0.08434571325778961
0.12787967920303345
0.18814314901828766
0.08013134449720383
0.10652623325586319
0.06660887598991394
0.12987639009952545
0.11291123181581497
0.11520014703273773
0.08889550715684891
0.16563059389591217
0.10486012697219849
0.07396950572729111
0.08319898694753647
0.2076735645532608
0.14520639181137085
0.1389131397008896
0.06262866407632828
0.13378633558750153
0.17824706435203552
0.1744985729455948
0.09665738791227341
0.07533298432826996
0.1019153818488121
0.08680052310228348
0.09154599905014038
0.18126246333122253
0.16841386258602142
0.06492602080106735
0.11281517148017883
0.16278702020645142
0.16166263818740845
0.14348971843719482
0.13616280257701874
0.13383713364601135
0.10490480810403824
0.15172085165977478
0.13260886073112488
0.09344983100891113
0.1230541467666626
0.16210879385471344
0.1386091709136963
0.10883212834596634
0.14539793133735657
0.1006896123290062
0.12811574339866638
0.1120346188545227
0.15143795311450958
0.08451326936483383
0.1274580955505371
0.10972791165113449
0.13983754813671112
0.13844792544841766
0.10409096628427505
0.09036661684513092
0.07396138459444046
0.08308865875005722
0.10941565781831741
0.1270121932029724
0.11391668021678925
0.1323586404323578
0.09395228326320648
0.16968777775764465
0.09026127308607101
0.1231442466378212
0.1390775442123413
0.12992000579833984
0.06752625852823257
0.1530853658914566
0.1358749121427536
0.08885408937931061
0.06608705222606659
0.12990543246269226
0.10256845504045486
0.07143484055995941
0.08143658936023712
0.07266764342784882
0.17260606586933136
0.07504487037658691
0.13037948310375214
0.11834229528903961
0.07763756066560745
0.1773478090763092
0.07357878983020782
0.137031689286232
0.13141021132469177
0.07187564671039581
0.13557219505310059
0.10161422938108444
0.06946118175983429
0.07980728894472122
0.12880627810955048
0.186684250831604
0.13458485901355743
0.11834096908569336
0.14690549671649933
0.10316295921802521
0.14655321836471558
0.10574301332235336
0.1164965033531189
0.10103460401296616
0.08579062670469284
0.11922979354858398
0.17304183542728424
0.09325352311134338
0.12992693483829498
0.16964130103588104
0.11170534789562225
0.15125831961631775
0.14817489683628082
0.15551762282848358
0.10961578041315079
0.15566258132457733
0.11502280086278915
0.08283449709415436
0.12871681153774261
0.09267833083868027
0.12190044671297073
0.1491001546382904
0.12911924719810486
0.09587264060974121
0.11074990779161453
0.08408553898334503
0.10646577179431915
0.10756073147058487
0.13049623370170593
0.16113698482513428
0.08644599467515945
0.08758275955915451
0.13708604872226715
0.059160102158784866
0.06722449511289597
0.1322227567434311
0.0741439163684845
0.09647513926029205
0.1541302353143692
0.17411328852176666
0.14464019238948822
0.1172289103269577
0.1495131552219391
0.16787251830101013
0.08642849326133728
0.16371233761310577
0.06892289221286774
0.10173039883375168
0.1341172456741333
0.14785553514957428
0.10996389389038086
0.09580619633197784
0.05051758512854576
0.12613750994205475
0.08292098343372345
0.15550518035888672
0.09401895850896835
0.10673443228006363
0.14758607745170593
0.08221131563186646
0.10220709443092346
0.1761651486158371
0.10184432566165924
0.17703911662101746
0.1368187814950943
0.16375331580638885
0.050481922924518585
0.19004541635513306
0.07357599586248398
0.12463591992855072
0.06624390184879303
0.10098534822463989
0.08530103415250778
0.145112544298172
0.1616012006998062
0.06951385736465454
0.11469791829586029
0.08592559397220612
0.11359138041734695
0.12129510939121246
0.09174146503210068
0.07121288031339645
0.13937102258205414
0.09315051138401031
0.07486065477132797
0.18606162071228027
0.10917087644338608
0.06841553747653961
0.08240548521280289
0.0892409235239029
0.14316415786743164
0.20076057314872742
0.1019279956817627
0.09864059090614319
0.19034689664840698
0.12619651854038239
0.07472238689661026
0.09965859353542328
0.09754537045955658
0.12432079017162323
0.183384507894516
0.08060192316770554
0.12318980693817139
0.06940502673387527
0.12735338509082794
0.1390027105808258
0.1828935295343399
0.07481023669242859
0.1466691941022873
0.14152199029922485
0.12354946881532669
0.18575410544872284
0.15301267802715302
0.1781655251979828
0.1706996113061905
0.1495070606470108
0.08468958735466003
0.14422056078910828
0.14621391892433167
0.1588599681854248
0.10005412250757217
0.10439887642860413
0.0973275676369667
0.0928301140666008
0.1606493592262268
0.12395596504211426
0.07410896569490433
0.08884306997060776
0.1072186678647995
0.08357491344213486
0.22193963825702667
0.09589505940675735
0.1073710173368454
0.09941376745700836
0.07063352316617966
0.09242821484804153
0.13765393197536469
0.08929408341646194
0.10052349418401718
0.1811264008283615
0.16462402045726776
0.07671929895877838
0.14464668929576874
0.10917484760284424
0.20548948645591736
0.2746898829936981
0.11084777861833572
0.08985188603401184
0.1487908959388733
0.08443702012300491
0.21009725332260132
0.11590924859046936
0.11000373959541321
0.17250271141529083
0.16689777374267578
0.09049752354621887
0.06799279153347015
0.13854341208934784
0.09728986024856567
0.09532669931650162
0.08413222432136536
0.19032613933086395
0.13766396045684814
0.11449471861124039
0.1368352770805359
0.1811234951019287
0.13713505864143372
0.10495512187480927
0.1411091536283493
0.08092815428972244
0.1131475642323494
0.1479300856590271
0.15498153865337372
0.10867087543010712
0.09740662574768066
0.14326155185699463
0.1931026428937912
0.08608825504779816
0.08690323680639267
0.15339404344558716
0.1700742542743683
0.11920753866434097
0.08805549144744873
0.12434550374746323
0.13208644092082977
0.1476563960313797
0.06979941576719284
0.0866103246808052
0.11584518104791641
0.09721644967794418
0.10497352480888367
0.1254972368478775
0.08345630019903183
0.11686176061630249
0.11680272966623306
0.14880381524562836
0.06891151517629623
0.152778759598732
0.18287087976932526
0.16159668564796448
0.17567501962184906
0.09159880876541138
0.11404279619455338
0.12968848645687103
0.14126786589622498
0.15590615570545197
0.13477647304534912
0.14045633375644684
0.13922564685344696
0.1425458788871765
0.11240158975124359
0.08126138150691986
0.13851581513881683
0.14635354280471802
0.12197106331586838
0.06032438203692436
0.1289735734462738
0.079490065574646
0.07088514417409897
0.14831820130348206
0.08342485874891281
0.1025804802775383
0.1067916676402092
0.09339409321546555
0.19557110965251923
0.10635991394519806
0.1872653067111969
0.12461616098880768
0.10403523594141006
0.12051499634981155
0.06438246369361877
0.12991204857826233
0.10945429652929306
0.1625889539718628
0.09362384676933289
0.11688829958438873
0.15977945923805237
0.1169600784778595
0.1496676504611969
0.1141788437962532
0.16309383511543274
0.13752976059913635
0.06882122159004211
0.08822157979011536
0.14046475291252136
0.10319813340902328
0.09428142756223679
0.07439600676298141
0.14157338440418243
0.09086931496858597
0.17670202255249023
0.08670482039451599
0.06961048394441605
0.08825885504484177
0.12786033749580383
0.3197704255580902
0.1494932770729065
0.09663988649845123
0.12472812831401825
0.09685824811458588
0.1428021788597107
0.14552053809165955
0.06975121796131134
0.08640557527542114
0.05898143723607063
0.13694223761558533
0.10401659458875656
0.10850603133440018
0.07662581652402878
0.11414791643619537
0.09079912304878235
0.17725344002246857
0.08712548762559891
0.1151118054986
0.060087528079748154
0.07342775166034698
0.06185572221875191
0.0996275320649147
0.1514233648777008
0.07236237823963165
0.09772598743438721
0.11657481640577316
0.095145583152771
0.06909038871526718
0.17512744665145874
0.13302339613437653
0.1390395313501358
0.13165222108364105
0.24282053112983704
0.07671349495649338
0.11969540268182755
0.08748723566532135
0.08299881964921951
0.09304210543632507
0.1264631301164627
0.1115635558962822
0.155211940407753
0.07389897108078003
0.07452210783958435
0.1323721706867218
0.16688783466815948
0.08853284269571304
0.13901518285274506
0.20307564735412598
0.0865657702088356
0.15969344973564148
0.0967666506767273
0.09059705585241318
0.10464047640562057
0.11664006859064102
0.20701974630355835
0.15084253251552582
0.12116533517837524
0.09495021402835846
0.09455759078264236
0.08288240432739258
0.09526538848876953
0.21848365664482117
0.08426844328641891
0.09086810052394867
0.16967013478279114
0.14679943025112152
0.13950733840465546
0.10410326719284058
0.09124768525362015
0.13893790543079376
0.18840479850769043
0.16895434260368347
0.1275048553943634
0.14209629595279694
0.10047369450330734
0.06733009219169617
0.12481694668531418
0.15546448528766632
0.20067496597766876
0.12737244367599487
0.16810214519500732
0.14527718722820282
0.07999860495328903
0.1263301521539688
0.13023170828819275
0.11704225093126297
0.10081984102725983
0.07267482578754425
0.14789284765720367
0.10576634109020233
0.10377039015293121
0.1689280867576599
0.0918547734618187
0.10129501670598984
0.1587912142276764
0.07285409420728683
0.08918766677379608
0.09408766776323318
0.07993446290493011
0.08311721682548523
0.1562647819519043
0.1091853454709053
0.12463093549013138
0.09394591301679611
0.05817136913537979
0.11511126160621643
0.16061283648014069
0.12672002613544464
0.16999366879463196
0.1753530353307724
0.11390437930822372
0.12370459735393524
0.07329294830560684
0.14423301815986633
0.09231242537498474
0.09014984965324402
0.19296014308929443
0.14263255894184113
0.12956438958644867
0.09700663387775421
0.10995358973741531
0.1699153631925583
0.16470558941364288
0.15899962186813354
0.10515854507684708
0.1400664895772934
0.11339885741472244
0.1614132523536682
0.1270744800567627
0.14002664387226105
0.15710559487342834
0.16333864629268646
0.09248565882444382
0.1009124144911766
0.1306706815958023
0.12634120881557465
0.08687085658311844
0.14824660122394562
0.13558046519756317
0.09637197852134705
0.11899396032094955
0.19425591826438904
0.07328062504529953
0.1091281995177269
0.10566657781600952
0.0767660140991211
0.1952446699142456
0.1590382307767868
0.08535894751548767
0.13291992247104645
0.09843280911445618
0.08317117393016815
0.11338667571544647
0.11734544485807419
0.23506200313568115
0.1254696547985077
0.12833021581172943
0.08420974761247635
0.1374509632587433
0.1144866868853569
0.1647762805223465
0.1020917147397995
0.1463460922241211
0.11088552325963974
0.12383463233709335
0.1631055325269699
0.102999247610569
0.14189331233501434
0.11838208884000778
0.12060758471488953
0.09434672445058823
0.12284498661756516
0.10597417503595352
0.11666486412286758
0.09608948230743408
0.08329252898693085
0.10911045223474503
0.12208827584981918
0.1571274846792221
0.09785916656255722
0.11939481645822525
0.1285150945186615
0.08975138515233994
0.0960189625620842
0.13804060220718384
0.13641010224819183
0.07519041746854782
0.14032907783985138
0.15619821846485138
0.069794200360775
0.0937132015824318
0.13502974808216095
0.14713244140148163
0.15999415516853333
0.15422530472278595
0.09834896773099899
0.13016559183597565
0.1448943167924881
0.16320878267288208
0.15381653606891632
0.15803717076778412
