0.04764840751886368
0.15053200721740723
0.1740415245294571
0.09263616800308228
0.07231180369853973
0.08502111583948135
0.14117197692394257
0.08417340368032455
0.06478701531887054
0.06412144750356674
0.10101436823606491
0.08728872239589691
0.0844104140996933
0.05715835094451904
0.09473451972007751
0.06610672175884247
0.10295001417398453
0.11744087934494019
0.08459395170211792
0.12938612699508667
0.0462118461728096
0.08291759341955185
0.05766407772898674
0.059035684913396835
0.128802090883255
0.09901223331689835
0.10794474929571152
0.06301815062761307
0.06656530499458313
0.08492773771286011
0.06961353123188019
0.057998765259981155
0.09606926888227463
0.14882029592990875
0.07875528186559677
0.07138513773679733
0.08159992843866348
0.1010851263999939
0.08325623720884323
0.06137426570057869
0.11280685663223267
0.09704132378101349
0.12417743355035782
0.06505262106657028
0.10918908566236496
0.12035118788480759
0.08704483509063721
0.09070778638124466
0.0664324164390564
0.1117517501115799
0.07650281488895416
0.05817938223481178
0.10898784548044205
0.07258825749158859
0.12845554947853088
0.0960407629609108
0.08047979325056076
0.06417367607355118
0.10309542715549469
0.06719379872083664
0.11648626625537872
0.06563069671392441
0.11663039773702621
0.0836053267121315
0.08010077476501465
0.051738884299993515
0.0811738520860672
0.047345515340566635
0.08511941879987717
0.05015429109334946
0.07156310230493546
0.07004503905773163
0.14092682301998138
0.08411834388971329
0.09175841510295868
0.11742112040519714
0.1367427259683609
0.0961621031165123
0.08466973900794983
0.06216683238744736
0.04808013513684273
0.06410157680511475
0.060549527406692505
0.08887165784835815
0.08115454763174057
0.13316991925239563
0.08452798426151276
0.07768706232309341
0.07451077550649643
0.0503060445189476
0.10300033539533615
0.1319374293088913
0.08299696445465088
0.12594486773014069
0.14067889750003815
0.09454135596752167
0.056137215346097946
0.09048440307378769
0.0709368884563446
0.046718236058950424
0.062271296977996826
0.09287708252668381
0.11689136177301407
0.07783535867929459
0.15250512957572937
0.09750890731811523
0.07890990376472473
0.068324975669384
0.08745582401752472
0.11158575862646103
0.04126196354627609
0.0965922474861145
0.059375960379838943
0.05384724959731102
0.060659259557724
0.09270741790533066
0.05526941269636154
0.14576151967048645
0.08478232473134995
0.06928437948226929
0.12729401886463165
0.0902721956372261
0.0776137039065361
0.0815221443772316
0.0587226003408432
0.06290547549724579
0.0962202250957489
0.14675915241241455
0.11703271418809891
0.049548402428627014
0.08089612424373627
0.06235918030142784
0.10141235589981079
0.20840725302696228
0.0709770992398262
0.06455524265766144
0.07012864202260971
0.10342426598072052
0.049702029675245285
0.060368504375219345
0.0547693632543087
0.06570421904325485
0.06607366353273392
0.10073419660329819
0.05250720679759979
0.088304303586483
0.0629541203379631
0.07358282804489136
0.08885681629180908
0.12072935700416565
0.06253670156002045
0.06043684482574463
0.05978797748684883
0.06256049126386642
0.051893558353185654
0.04342660680413246
0.12320253998041153
0.059053897857666016
0.09726358205080032
0.10278770327568054
0.07158408313989639
0.07022704929113388
0.07793387025594711
0.06043252721428871
0.061363186687231064
0.0694279819726944
0.08252371847629547
0.06176350265741348
0.0773194208741188
0.10719691962003708
0.05973997339606285
0.056636836379766464
0.05451983958482742
0.11763008683919907
0.08782104402780533
0.061779048293828964
0.08218815922737122
0.07047111541032791
0.06207045167684555
0.15942567586898804
0.10682361572980881
0.0721842348575592
0.08451776951551437
0.07850981503725052
0.06169416755437851
0.0749279260635376
0.10147931426763535
0.059894442558288574
0.05103414133191109
0.13438065350055695
0.14145682752132416
0.07572074234485626
0.06451524049043655
0.0914120078086853
0.12485899031162262
0.06655710935592651
0.04813956096768379
0.08921555429697037
0.05940314009785652
0.1034414991736412
0.06089448183774948
0.09996097534894943
0.09771373867988586
0.10232573747634888
0.07514660060405731
0.06634571403265
0.06901780515909195
0.08622020483016968
0.061010733246803284
0.0875496193766594
0.08894917368888855
0.0700998306274414
0.08468475937843323
0.05975993350148201
0.07705369591712952
0.1068488284945488
0.12496082484722137
0.08308921754360199
0.10113872587680817
0.07830369472503662
0.07821929454803467
0.11522799730300903
0.04618360847234726
0.09658044576644897
0.05291257053613663
0.07323098927736282
0.08367809653282166
0.0635622963309288
0.058982107788324356
0.07054684311151505
0.06336907297372818
0.08408868312835693
0.06617618352174759
0.11282086372375488
0.1373288482427597
0.11790052801370621
0.061611324548721313
0.09905991703271866
0.09316536039113998
0.10365908592939377
0.13998262584209442
0.06942663341760635
0.07779407501220703
0.053679171949625015
0.13191159069538116
0.08670347183942795
0.07052408158779144
0.07403579354286194
0.09919938445091248
0.06369981914758682
0.06704413145780563
0.04560425877571106
0.11098481714725494
0.07954874634742737
0.08757545053958893
0.07906238734722137
0.11195918917655945
0.0778883621096611
0.08175311237573624
0.06271252036094666
0.11982681602239609
0.10117967426776886
0.06049613282084465
0.12794853746891022
0.1435231864452362
0.0826025977730751
0.07993391901254654
0.16323591768741608
0.06763722747564316
0.057704050093889236
0.10052868723869324
0.06846462935209274
0.09181040525436401
0.06029818207025528
0.05130962282419205
0.039804160594940186
0.06397651135921478
0.045052703469991684
0.11796025186777115
0.11559587717056274
0.08263882994651794
0.11115030944347382
0.06651559472084045
0.05879795178771019
0.11756579577922821
0.09136699885129929
0.11770673096179962
0.11629586666822433
0.1482549011707306
0.08209286630153656
0.05845019593834877
0.06642500311136246
0.05248604342341423
0.08245638012886047
0.08329019695520401
0.11799294501543045
0.10988999903202057
0.08667407929897308
0.12082607299089432
0.06368659436702728
0.06985221058130264
0.05987907201051712
0.1255609691143036
0.10106085985898972
0.11328668892383575
0.06937725841999054
0.11397027224302292
0.1022452786564827
0.05664112791419029
0.0989387184381485
0.07120925188064575
0.06233575940132141
0.053435515612363815
0.06723633408546448
0.06400763988494873
0.05929997190833092
0.09801708161830902
0.06373809278011322
0.05561647191643715
0.06828828155994415
0.12957638502120972
0.07201987504959106
0.0740390494465828
0.11813073605298996
0.10375700145959854
0.06613221019506454
0.0686677023768425
0.10009292513132095
0.12532034516334534
0.06721140444278717
0.12152329832315445
0.06205124408006668
0.08889596909284592
0.076542928814888
0.10337834060192108
0.12061294168233871
0.07389269024133682
0.06707429885864258
0.06378423422574997
0.12339743971824646
0.10831427574157715
0.05695335939526558
0.09527777880430222
0.07809355854988098
0.07653094083070755
0.11252808570861816
0.06225016340613365
0.07507389038801193
0.06453360617160797
0.13324980437755585
0.06081043928861618
0.13797229528427124
0.068360835313797
0.039060141891241074
0.13863122463226318
0.08482927829027176
0.08416324853897095
0.06279014050960541
0.11576203256845474
0.16350305080413818
0.10496567189693451
0.10540606826543808
0.0742206946015358
0.08150927722454071
0.0664823055267334
0.08718574792146683
0.16578786075115204
0.09473779052495956
0.0904712826013565
0.06356842070817947
0.05393436551094055
0.05981026589870453
0.0909247025847435
0.06834758073091507
0.07889142632484436
0.12369474023580551
0.06346884369850159
0.11787176132202148
0.07611682265996933
0.07234089076519012
0.07293163985013962
0.07693060487508774
0.05247080698609352
0.070554718375206
0.0674515962600708
0.058480605483055115
0.06155034527182579
0.1426393836736679
0.07364436984062195
0.0851697027683258
0.05912134423851967
0.05682801827788353
0.06922587752342224
0.09549389034509659
0.0679146945476532
0.061448145657777786
0.0629558116197586
0.11038801819086075
0.05559045821428299
0.06330626457929611
0.10106217116117477
0.10999210923910141
0.15172319114208221
0.06885842233896255
0.06572899222373962
0.07947579771280289
0.09071069210767746
0.07333879917860031
0.08489172905683517
0.07626349478960037
0.11050570011138916
0.05333157256245613
0.056667111814022064
0.05626535788178444
0.049283746629953384
0.07030264288187027
0.046500518918037415
0.05351703241467476
0.06235210597515106
0.07770102471113205
0.09805955737829208
0.07862473279237747
0.17748968303203583
0.07317209243774414
0.08065881580114365
0.08391165733337402
0.05775853618979454
0.12458223849534988
0.05792488902807236
0.08005516976118088
0.08449269086122513
0.12356521189212799
0.09975893050432205
0.05600286275148392
0.08399812132120132
0.12376143038272858
0.05024511739611626
0.16436557471752167
0.03702039271593094
0.09982123970985413
0.10065288841724396
0.10567682236433029
0.09462299942970276
0.11258295178413391
0.05642176419496536
0.05329969525337219
0.05970793962478638
0.09632445871829987
0.1133999228477478
0.0443587452173233
0.06536643207073212
0.04944111034274101
0.12067113816738129
0.08862608671188354
0.1008015125989914
0.06806890666484833
0.11825515329837799
0.0698234811425209
0.06704841554164886
0.056431036442518234
0.12491444498300552
0.07344932854175568
0.10511550307273865
0.0451660081744194
0.07926922291517258
0.07882923632860184
0.12393982708454132
0.08062388747930527
0.05040254443883896
0.08059129863977432
0.057392850518226624
0.06058264151215553
0.1512548327445984
0.14348222315311432
0.05789594724774361
0.08015000820159912
0.12047471851110458
0.09919770807027817
0.10243961215019226
0.08507359772920609
0.09707356989383698
0.06400392204523087
0.09998872131109238
0.0936296209692955
0.059909574687480927
0.06635215878486633
0.09597565978765488
0.07261359691619873
0.054682034999132156
0.08271555602550507
0.05813518911600113
0.07748860865831375
0.08423320949077606
0.13036692142486572
0.06431522965431213
0.08048611134290695
0.05856996774673462
0.07516003400087357
0.11633439362049103
0.09135771542787552
0.06493306905031204
0.04501477628946304
0.06847800314426422
0.08108929544687271
0.08492477238178253
0.06859996914863586
0.07584159076213837
0.05964239314198494
0.13137446343898773
0.05219602584838867
0.0755884200334549
0.05925929173827171
0.08588678389787674
0.04965672269463539
0.09486793726682663
0.07912185788154602
0.07008391618728638
0.06067396327853203
0.07424093782901764
0.08673450350761414
0.06482552736997604
0.0546971820294857
0.047332558780908585
0.12912607192993164
0.05309754237532616
0.10845931619405746
0.10029690712690353
0.058383844792842865
0.14470309019088745
0.04953979328274727
0.10705142468214035
0.08329450339078903
0.04340873658657074
0.07701101154088974
0.07969046384096146
0.052475329488515854
0.059367623180150986
0.10865414887666702
0.1438419669866562
0.0819045826792717
0.09731415659189224
0.1283455789089203
0.07815112173557281
0.08135196566581726
0.08884463459253311
0.10260309278964996
0.08256805688142776
0.062431734055280685
0.08724211901426315
0.14239032566547394
0.057574544101953506
0.07824375480413437
0.1265227049589157
0.08223140984773636
0.13530302047729492
0.10746429860591888
0.08464357256889343
0.06230030581355095
0.08172453194856644
0.09392539411783218
0.07034015655517578
0.06095222383737564
0.08859579265117645
0.08230706304311752
0.08302341401576996
0.09535437822341919
0.05771888047456741
0.06209729239344597
0.07225561887025833
0.07106895744800568
0.08837597817182541
0.06659700721502304
0.1316613405942917
0.05732874572277069
0.06437855958938599
0.11799680441617966
0.03893645107746124
0.052932653576135635
0.07262394577264786
0.0625697523355484
0.049484167248010635
0.11028647422790527
0.09708050638437271
0.12543119490146637
0.07562285661697388
0.11715737730264664
0.119148388504982
0.050828058272600174
0.08127537369728088
0.053531475365161896
0.06431301683187485
0.10186047852039337
0.12491472065448761
0.07548919320106506
0.06306516379117966
0.043153807520866394
0.09318151324987411
0.06189211085438728
0.08356572687625885
0.06755486130714417
0.06435923278331757
0.12877829372882843
0.052168264985084534
0.07548125833272934
0.14227798581123352
0.05848808214068413
0.09511731564998627
0.08413654565811157
0.12136159092187881
0.0391213595867157
0.10017669200897217
0.04933623597025871
0.0971302017569542
0.05921432003378868
0.06324327737092972
0.04604411870241165
0.12404942512512207
0.08492028713226318
0.0461910180747509
0.07267258316278458
0.06309275329113007
0.056347351521253586
0.08510006964206696
0.07628924399614334
0.03980527073144913
0.06051531806588173
0.057468101382255554
0.048547569662332535
0.15145672857761383
0.0878853127360344
0.048527561128139496
0.052250027656555176
0.07100662589073181
0.07426783442497253
0.08600186556577682
0.0714067742228508
0.06821119040250778
0.12599681317806244
0.12788565456867218
0.057453252375125885
0.06894318759441376
0.0760408267378807
0.11948367953300476
0.0960795059800148
0.0666377916932106
0.07914495468139648
0.05422208458185196
0.08348127454519272
0.11426850408315659
0.14355410635471344
0.0533645860850811
0.11202069371938705
0.12353140115737915
0.11508072167634964
0.12565505504608154
0.0740835890173912
0.16120535135269165
0.07725424319505692
0.08996713906526566
0.0621587373316288
0.11543836444616318
0.06648527085781097
0.1320965737104416
0.07365896552801132
0.052930254489183426
0.07004927098751068
0.06290040165185928
0.08896631002426147
0.11733029782772064
0.06401979178190231
0.06705673038959503
0.07020311802625656
0.06931959092617035
0.16199098527431488
0.050856009125709534
0.09478186815977097
0.057590726763010025
0.046464405953884125
0.07463792711496353
0.06757654994726181
0.04757208749651909
0.07121311128139496
0.13816623389720917
0.11962074041366577
0.06329891085624695
0.11876868456602097
0.07788143306970596
0.08405821025371552
0.165303036570549
0.06388848274946213
0.04484998807311058
0.11942348629236221
0.05652407184243202
0.14344154298305511
0.07926316559314728
0.07512924075126648
0.1544579118490219
0.1518530547618866
0.07587936520576477
0.051973387598991394
0.08161716163158417
0.046856123954057693
0.06994117051362991
0.04782426729798317
0.13266408443450928
0.08981083333492279
0.08358059078454971
0.07456507533788681
0.14229704439640045
0.12166134268045425
0.08710545301437378
0.12265344709157944
0.06594198942184448
0.08670416474342346
0.12472472339868546
0.11821729689836502
0.09399701654911041
0.06562170386314392
0.07473158836364746
0.12900494039058685
0.07379774004220963
0.06108803674578667
0.12904921174049377
0.11870835721492767
0.09930723905563354
0.07137531787157059
0.07117272168397903
0.07092774659395218
0.11875811964273453
0.049397051334381104
0.06410317867994308
0.10493236035108566
0.05556856095790863
0.06084487959742546
0.08436086773872375
0.04702097922563553
0.06576190143823624
0.07982437312602997
0.11697185784578323
0.05020769312977791
0.09855826944112778
0.12887996435165405
0.12242502719163895
0.10974957793951035
0.07645357400178909
0.08523586392402649
0.06084949150681496
0.09539072960615158
0.12761721014976501
0.06605331599712372
0.1005023643374443
0.07950730621814728
0.10227987915277481
0.06991170346736908
0.054061345756053925
0.06886570155620575
0.11625448614358902
0.09420203417539597
0.04473353922367096
0.08641508221626282
0.06467000395059586
0.05663444846868515
0.11364351212978363
0.0621926486492157
0.08323516696691513
0.07423048466444016
0.05111168324947357
0.09610871225595474
0.058465637266635895
0.1525145024061203
0.09818454086780548
0.060184452682733536
0.0807809829711914
0.049642499536275864
0.10874437540769577
0.0792713314294815
0.13665051758289337
0.052576661109924316
0.09008089452981949
0.10921500623226166
0.06409896910190582
0.07403170317411423
0.08214761316776276
0.09354116767644882
0.092873215675354
0.047800373286008835
0.06782721728086472
0.11082480847835541
0.07233813405036926
0.07171199470758438
0.06072404235601425
0.12480170279741287
0.061395201832056046
0.1700889766216278
0.06640620529651642
0.047059040516614914
0.06849569827318192
0.06424522399902344
0.13103583455085754
0.08699893206357956
0.06236233562231064
0.07403497397899628
0.07368747889995575
0.0894659087061882
0.12256349623203278
0.05846906453371048
0.07144545018672943
0.05616036802530289
0.11142809689044952
0.08760616183280945
0.05162260681390762
0.0573064461350441
0.07072380185127258
0.07187134027481079
0.15718978643417358
0.05654078722000122
0.06014743074774742
0.05636491999030113
0.06269460171461105
0.04723111912608147
0.08516691625118256
0.08807359635829926
0.05238863080739975
0.06760717183351517
0.05850115418434143
0.07210711389780045
0.0537218302488327
0.15288372337818146
0.06575531512498856
0.0764489471912384
0.10628535598516464
0.1990276724100113
0.0512235090136528
0.0651138573884964
0.04981536045670509
0.05898997560143471
0.07406891137361526
0.10606463998556137
0.07259993255138397
0.13552145659923553
0.061103206127882004
0.06753306090831757
0.11079996824264526
0.13709086179733276
0.05805963650345802
0.12646177411079407
0.11704523861408234
0.04904082417488098
0.112931989133358
0.0553644560277462
0.06402222812175751
0.05907783657312393
0.0894835963845253
0.154707670211792
0.09407354146242142
0.07390096038579941
0.06921430677175522
0.06410373747348785
0.06354869157075882
0.06674889475107193
0.1814088672399521
0.04762004688382149
0.06116963177919388
0.0820063054561615
0.0767928883433342
0.12125962972640991
0.07971949875354767
0.052190132439136505
0.10074403136968613
0.11602047830820084
0.0897206962108612
0.08881570398807526
0.12247481942176819
0.08292467892169952
0.06028496474027634
0.10279887914657593
0.1322842836380005
0.12168046087026596
0.11545202881097794
0.12371551990509033
0.1317027360200882
0.0688260868191719
0.09643945097923279
0.08431972563266754
0.08177386224269867
0.08868325501680374
0.06409014761447906
0.06753294169902802
0.06128944084048271
0.08801735192537308
0.08156681805849075
0.05968863144516945
0.07596715539693832
0.12610915303230286
0.06716952472925186
0.08411826193332672
0.07123652845621109
0.06226332485675812
0.04938039556145668
0.08128689229488373
0.06240452826023102
0.06597242504358292
0.07604832947254181
0.049765195697546005
0.06494925171136856
0.1359049677848816
0.06745446473360062
0.12467995285987854
0.10217488557100296
0.07473429292440414
0.0658179223537445
0.06467802822589874
0.12962283194065094
0.08071545511484146
0.07022704929113388
0.14872761070728302
0.08769064396619797
0.09731485694646835
0.06237679347395897
0.06787429004907608
0.11721449345350266
0.12389563769102097
0.09921929240226746
0.06317657977342606
0.12059661000967026
0.06447684019804001
0.11944448947906494
0.06911775469779968
0.094850093126297
0.08578938245773315
0.09908028692007065
0.0765690729022026
0.06757251173257828
0.12322532385587692
0.1114564910531044
0.06587984412908554
0.10091522336006165
0.07965224236249924
0.05669137462973595
0.06622752547264099
0.1500125676393509
0.05780155956745148
0.06897162646055222
0.07733293622732162
0.06141334027051926
0.14194472134113312
0.12945225834846497
0.06907989829778671
0.0786394253373146
0.04229043796658516
0.04011974856257439
0.061514321714639664
0.08829148858785629
0.16781622171401978
0.06557106971740723
0.08080608397722244
0.049760207533836365
0.0877448096871376
0.08460765331983566
0.11651343107223511
0.06318715214729309
0.09952966123819351
0.0760861188173294
0.08366986364126205
0.09576267004013062
0.05564117431640625
0.1321994811296463
0.07992324978113174
0.09629616141319275
0.07281166315078735
0.07005279511213303
0.08015928417444229
0.10092221945524216
0.06183420866727829
0.05582156777381897
0.0851319208741188
0.07327351719141006
0.1431853026151657
0.07386121898889542
0.07522272318601608
0.07132565975189209
0.07751210778951645
0.07792725414037704
0.0633259043097496
0.10102544724941254
0.06236793473362923
0.07855573296546936
0.1115860715508461
0.05063442140817642
0.05970286577939987
0.10063476860523224
0.12161369621753693
0.12286552041769028
0.13512912392616272
0.05375209078192711
0.0774078294634819
0.10205881297588348
0.10535910725593567
0.11803518235683441
0.13313300907611847
