0.047648411244153976
0.15053199231624603
0.1739964485168457
0.09263616055250168
0.07231180369853973
0.08502110838890076
0.14117194712162018
0.08417339622974396
0.06476841866970062
0.06412144005298615
0.10101437568664551
0.08728871494531631
0.0844104215502739
0.05715835094451904
0.09473451226949692
0.06610671430826187
0.10295002907514572
0.11744089424610138
0.08459395170211792
0.12938612699508667
0.0462118498980999
0.08291760832071304
0.05766407772898674
0.059035688638687134
0.128802090883255
0.09901224821805954
0.10794473439455032
0.06301815807819366
0.06656529754400253
0.0849277451634407
0.06961353868246078
0.057998765259981155
0.09606926143169403
0.14882028102874756
0.07875528186559677
0.07138513028621674
0.08159993588924408
0.1010851263999939
0.08325622975826263
0.06137426197528839
0.11280682682991028
0.0970412939786911
0.12417743355035782
0.06505272537469864
0.10918910801410675
0.12035119533538818
0.0870448425412178
0.09070778638124466
0.0664324164390564
0.1117517501115799
0.07650280743837357
0.058179378509521484
0.10898783802986145
0.07258826494216919
0.1284555345773697
0.0960407704114914
0.08047977834939957
0.06417367607355118
0.10309542715549469
0.06719379872083664
0.11648625135421753
0.06563069671392441
0.11663038283586502
0.0836053192615509
0.08010076731443405
0.05173887684941292
0.0811738520860672
0.04734551161527634
0.08511940389871597
0.05015429109334946
0.07156309485435486
0.07002381980419159
0.14092682301998138
0.0841183289885521
0.09175840020179749
0.11742110550403595
0.1367427408695221
0.09618598967790604
0.08466974645853043
0.06216683238744736
0.04808013141155243
0.06410156935453415
0.0605495311319828
0.08887165784835815
0.08115453273057938
0.13316991925239563
0.08452799171209335
0.07768706232309341
0.07451077550649643
0.0503060445189476
0.10300035029649734
0.1319374293088913
0.08299696445465088
0.12594488263130188
0.14067865908145905
0.09454135596752167
0.056137215346097946
0.09048439562320709
0.0709368884563446
0.04671823978424072
0.06227129325270653
0.0928770899772644
0.11689136922359467
0.07783535867929459
0.15250542759895325
0.09507543593645096
0.07890990376472473
0.068324975669384
0.08745582401752472
0.11158575117588043
0.04126196727156639
0.0965954139828682
0.059331007301807404
0.05384724959731102
0.0606592558324337
0.09270741790533066
0.05526941642165184
0.14576153457164764
0.08478232473134995
0.06928437203168869
0.12729406356811523
0.09027218818664551
0.0776137039065361
0.081522136926651
0.0587226077914238
0.06289815157651901
0.0962202176451683
0.14675915241241455
0.11703271418809891
0.049548402428627014
0.08089612424373627
0.062359169125556946
0.10141235589981079
0.20840728282928467
0.07196546345949173
0.06455524265766144
0.07012864947319031
0.10342426598072052
0.04970202222466469
0.060368504375219345
0.05476934835314751
0.06570421904325485
0.06607366353273392
0.10073419660329819
0.05250720679759979
0.088304303586483
0.0629541277885437
0.07388240098953247
0.08885680884122849
0.12072937190532684
0.06253670901060104
0.06043684855103493
0.05978798121213913
0.06256049126386642
0.051893558353185654
0.04342660307884216
0.12320252507925034
0.05905390530824661
0.09726358950138092
0.10278770327568054
0.07158408313989639
0.07022703438997269
0.07793387025594711
0.06043252721428871
0.06136319413781166
0.069427989423275
0.08252371847629547
0.06176350265741348
0.0773194208741188
0.10719691962003708
0.05973997712135315
0.05663684755563736
0.05451983958482742
0.11763008683919907
0.08782104402780533
0.061779044568538666
0.08218815922737122
0.07047111541032791
0.06207044795155525
0.15942572057247162
0.10682361572980881
0.07218422740697861
0.08451778441667557
0.0785098746418953
0.06165986508131027
0.0749279260635376
0.10147931426763535
0.05989445000886917
0.051034148782491684
0.13438063859939575
0.14145678281784058
0.07572074234485626
0.06451524049043655
0.09141319245100021
0.12485899031162262
0.06655711680650711
0.04813956096768379
0.08921554684638977
0.05940314382314682
0.1034415066242218
0.06089446693658829
0.09996097534894943
0.09771374613046646
0.10232574492692947
0.07514660060405731
0.06634571403265
0.06901782006025314
0.0863741934299469
0.061010733246803284
0.0875496193766594
0.08894916623830795
0.07009982317686081
0.08468478173017502
0.05975993350148201
0.07705369591712952
0.106848806142807
0.12496083229780197
0.08308922499418259
0.10113871842622757
0.07830369472503662
0.07821929454803467
0.11522799730300903
0.04618360847234726
0.09658045321702957
0.052912574261426926
0.07323098927736282
0.08367811143398285
0.06337051838636398
0.058982111513614655
0.07054685056209564
0.06336907297372818
0.08408867567777634
0.06617618352174759
0.11282085627317429
0.1373288333415985
0.1179005429148674
0.061611320823431015
0.09905991703271866
0.09316536039113998
0.10365907102823257
0.13998262584209442
0.06942663341760635
0.07779408991336823
0.053679171949625015
0.13191159069538116
0.08670345693826675
0.07052409648895264
0.07403580099344254
0.09919936954975128
0.06383731961250305
0.06704413145780563
0.04560425505042076
0.11098484694957733
0.07954874634742737
0.08757544308900833
0.07906237989664078
0.11195919662714005
0.0778883770108223
0.08175311237573624
0.06271252036094666
0.11982680857181549
0.10117966681718826
0.06049612537026405
0.12794853746891022
0.1435231864452362
0.0826025977730751
0.07993391901254654
0.16323591768741608
0.06763714551925659
0.05770404636859894
0.10055122524499893
0.06846462190151215
0.09181039780378342
0.06029818579554558
0.05130961537361145
0.039804160594940186
0.06397650390863419
0.04505270719528198
0.11796023696660995
0.11559588462114334
0.08263883739709854
0.11115031689405441
0.06651559472084045
0.05879795551300049
0.11756578832864761
0.09136700630187988
0.11770673841238022
0.11629588901996613
0.1482549011707306
0.08209287375211716
0.05828135833144188
0.06642500311136246
0.05248603969812393
0.08245638012886047
0.08329019695520401
0.11798214167356491
0.10989000648260117
0.08664213120937347
0.12082607299089432
0.06368659436702728
0.06985050439834595
0.05987907201051712
0.12556098401546478
0.10106087476015091
0.11328669637441635
0.06937725841999054
0.11397027969360352
0.1022452786564827
0.056641124188899994
0.0989387258887291
0.07120922952890396
0.06233575940132141
0.053435519337654114
0.06723633408546448
0.06400764733552933
0.05929996445775032
0.09801708161830902
0.06373809278011322
0.05561647191643715
0.06828828155994415
0.12957638502120972
0.07201922684907913
0.0740390494465828
0.11813075095415115
0.10375700145959854
0.0661323294043541
0.0686677023768425
0.10009292513132095
0.12532031536102295
0.06721140444278717
0.12152331322431564
0.062051236629486084
0.08889597654342651
0.0765429437160492
0.10337834060192108
0.12061293423175812
0.07389270514249802
0.06707429885864258
0.06378423422574997
0.12339743226766586
0.10831427574157715
0.05695335939526558
0.095277801156044
0.07809354364871979
0.07653094083070755
0.11252808570861816
0.06225017085671425
0.07507389038801193
0.06453360617160797
0.13324980437755585
0.060800351202487946
0.13797229528427124
0.0683608278632164
0.039060141891241074
0.13863122463226318
0.08482927083969116
0.08416333049535751
0.06279014050960541
0.11576204746961594
0.16350305080413818
0.10496567189693451
0.10540454089641571
0.0742207020521164
0.08150928467512131
0.0664823055267334
0.08718574792146683
0.16578784584999084
0.09473779052495956
0.0904713049530983
0.06356842070817947
0.05393436551094055
0.05981026962399483
0.0909246951341629
0.06834758073091507
0.07889140397310257
0.12369473278522491
0.06346884369850159
0.11787176132202148
0.07611683011054993
0.07234089076519012
0.07293163239955902
0.07693060487508774
0.05247081071138382
0.070554718375206
0.0674516037106514
0.058480605483055115
0.06155034527182579
0.1426393836736679
0.07364437729120255
0.08516968786716461
0.05912133678793907
0.05682801455259323
0.06922587007284164
0.09549389779567719
0.06791471689939499
0.06144815683364868
0.0629558116197586
0.11038802564144135
0.05559046193957329
0.06330626457929611
0.10106217116117477
0.10999210923910141
0.15172319114208221
0.06885789334774017
0.06572899222373962
0.07946211844682693
0.09071069210767746
0.07333879917860031
0.08489172905683517
0.07626348733901978
0.11050570011138916
0.05333157628774643
0.05759226530790329
0.05626535788178444
0.049283746629953384
0.07030311971902847
0.04650048166513443
0.05351703241467476
0.06235210597515106
0.07770100980997086
0.09805955737829208
0.07862473279237747
0.17748968303203583
0.07317208498716354
0.08065881580114365
0.08391166478395462
0.05775853618979454
0.1245822161436081
0.05792488902807236
0.08005516976118088
0.08449269831180573
0.12356521934270859
0.09975893050432205
0.056002866476774216
0.08399814367294312
0.12376942485570908
0.05024511739611626
0.16436557471752167
0.03702039271593094
0.09982123970985413
0.10065288841724396
0.1056768000125885
0.09462300688028336
0.11258294433355331
0.05642177164554596
0.053299687802791595
0.05970793962478638
0.09632445871829987
0.1133999228477478
0.044358737766742706
0.06536643952131271
0.049441102892160416
0.12067115306854248
0.08862608671188354
0.1008015125989914
0.06806890666484833
0.11825599521398544
0.0698234811425209
0.06704842299222946
0.05643104389309883
0.12491445988416672
0.07344932109117508
0.10511550307273865
0.04514895752072334
0.07926922291517258
0.07882922887802124
0.12393982708454132
0.08062389492988586
0.05040254443883896
0.08059127628803253
0.05739285424351692
0.060582634061574936
0.1512548327445984
0.14348219335079193
0.05789594724774361
0.08015000820159912
0.12047471851110458
0.09919770807027817
0.10243960469961166
0.08507360517978668
0.09707357734441757
0.06400392949581146
0.09998872131109238
0.0936296135187149
0.05990957096219063
0.06635215878486633
0.09597565978765488
0.07261359691619873
0.054682038724422455
0.08271554857492447
0.05813519284129143
0.07748859375715256
0.08423320949077606
0.13036693632602692
0.06431522965431213
0.08048611134290695
0.05856996774673462
0.07516004145145416
0.11633440852165222
0.09135771542787552
0.06493306905031204
0.045014772564172745
0.06847800314426422
0.08108929544687271
0.08492479473352432
0.0686163678765297
0.07584158331155777
0.05964238941669464
0.13137446343898773
0.05219602584838867
0.0755884200334549
0.059259284287691116
0.08588677644729614
0.04965671896934509
0.09486885368824005
0.07912185788154602
0.07008387893438339
0.06067396327853203
0.07423553615808487
0.08673448115587234
0.06482552736997604
0.0546971820294857
0.04733255133032799
0.12912607192993164
0.05309754237532616
0.10845932364463806
0.10029690712690353
0.05838384851813316
0.14470310509204865
0.04953979700803757
0.10705143213272095
0.08329451084136963
0.04340872913599014
0.07701101899147034
0.07969046384096146
0.052475329488515854
0.05936761945486069
0.10865413397550583
0.1438419669866562
0.08190488070249557
0.09731417149305344
0.1283455789089203
0.07815112173557281
0.08135177195072174
0.08884463459253311
0.10260310769081116
0.08256805688142776
0.062431734055280685
0.08724211901426315
0.14239032566547394
0.057574547827243805
0.07824373990297318
0.12652269005775452
0.08223140984773636
0.13530300557613373
0.10746429860591888
0.08464358001947403
0.06230030953884125
0.08172453194856644
0.09392539411783218
0.07034015655517578
0.06095222383737564
0.08859578520059586
0.08230707049369812
0.08302342146635056
0.09535437822341919
0.05771888047456741
0.06209728866815567
0.07225561887025833
0.07106895744800568
0.08837597817182541
0.06659699976444244
0.13166135549545288
0.05732874572277069
0.06437855213880539
0.11799679696559906
0.03893645852804184
0.05293264985084534
0.07262394577264786
0.06244339793920517
0.049484167248010635
0.11028648167848587
0.09708049148321152
0.12543119490146637
0.07562284916639328
0.11715737730264664
0.1191483810544014
0.050828054547309875
0.08127536624670029
0.053531475365161896
0.06431301683187485
0.10186047852039337
0.1249147281050682
0.07548919320106506
0.06306514889001846
0.04263686388731003
0.09318150579929352
0.06189212203025818
0.08356573432683945
0.06755486130714417
0.06435924023389816
0.12877830862998962
0.05216826871037483
0.07548125833272934
0.1422722488641739
0.05848807841539383
0.09511731564998627
0.08413834124803543
0.12136158347129822
0.0391213558614254
0.10017669200897217
0.04933622479438782
0.09713020920753479
0.05921435356140137
0.06324327737092972
0.04604411870241165
0.12404941022396088
0.08492029458284378
0.0461910106241703
0.07267257571220398
0.06309278309345245
0.05634734407067299
0.08510006219148636
0.07628924399614334
0.03980526700615883
0.06051531434059143
0.057468101382255554
0.048547569662332535
0.1514420509338379
0.0878852978348732
0.048527561128139496
0.05225002020597458
0.07100662589073181
0.07426783442497253
0.08600186556577682
0.0714067816734314
0.06821119785308838
0.12599679827690125
0.127885639667511
0.05677489563822746
0.06894319504499435
0.0760408416390419
0.11948367953300476
0.0960795134305954
0.0666377916932106
0.07914495468139648
0.05422208085656166
0.08348128944635391
0.11426851153373718
0.14355409145355225
0.0533645860850811
0.11204071342945099
0.12353220582008362
0.11514284461736679
0.12565508484840393
0.0740835890173912
0.16120536625385284
0.07725425064563751
0.08996714651584625
0.0621587373316288
0.11543835699558258
0.06648527085781097
0.13214102387428284
0.07365921884775162
0.052930258214473724
0.07004927098751068
0.06290040165185928
0.08896631747484207
0.11733029037714005
0.06401979923248291
0.06705674529075623
0.07020311802625656
0.06931959092617035
0.16199098527431488
0.050856009125709534
0.09478186815977097
0.05759072303771973
0.046464405953884125
0.07463793456554413
0.06757655739784241
0.047571733593940735
0.07121311128139496
0.13816623389720917
0.11962075531482697
0.06329891085624695
0.11876869946718216
0.07788143306970596
0.08405821025371552
0.165303036570549
0.06388848274946213
0.04484998807311058
0.11942348629236221
0.056524068117141724
0.1431369185447693
0.07926317304372787
0.07514796406030655
0.15445788204669952
0.1518530696630478
0.07587936520576477
0.05197339132428169
0.08161715418100357
0.04685612767934799
0.06994117796421051
0.04782426357269287
0.13266408443450928
0.08981085568666458
0.08358059078454971
0.07456507533788681
0.14229702949523926
0.12166133522987366
0.08710545301437378
0.12265344709157944
0.0655558854341507
0.08670668303966522
0.12472471594810486
0.11821729689836502
0.09399701654911041
0.06562170386314392
0.07473158836364746
0.12900492548942566
0.07379774004220963
0.06108803674578667
0.12904922664165497
0.11870837211608887
0.09930723905563354
0.07137533277273178
0.0711846798658371
0.07092774659395218
0.11875811964273453
0.0493970550596714
0.06410318613052368
0.10493237525224686
0.05556856095790863
0.060844872146844864
0.08436086773872375
0.04702097922563553
0.06576190143823624
0.07982437312602997
0.11697185784578323
0.05020768195390701
0.09855826944112778
0.12887997925281525
0.12242501229047775
0.10974956303834915
0.07645357400178909
0.08508133888244629
0.060849498957395554
0.09539073705673218
0.12761719524860382
0.06605331599712372
0.1005023643374443
0.07950730621814728
0.10227987170219421
0.06991170346736908
0.05406134948134422
0.06886569410562515
0.11625448614358902
0.09420203417539597
0.04473353922367096
0.08641508966684341
0.06466999650001526
0.05663445219397545
0.11364351958036423
0.062192656099796295
0.0832405760884285
0.07423048466444016
0.05111168324947357
0.09610871970653534
0.05846426635980606
0.1525145024061203
0.09818454831838608
0.060184452682733536
0.080780990421772
0.04965746030211449
0.10874437540769577
0.0792713388800621
0.13665051758289337
0.052586063742637634
0.09006653726100922
0.10921500623226166
0.06409894675016403
0.07403169572353363
0.08214762061834335
0.09354116767644882
0.09287320822477341
0.047800373286008835
0.06782720983028412
0.11082480847835541
0.07233812659978867
0.07171199470758438
0.06072404235601425
0.12480171024799347
0.061395201832056046
0.1700890064239502
0.06640775501728058
0.04705904424190521
0.06849569827318192
0.06424522399902344
0.13103583455085754
0.08699893206357956
0.062362346798181534
0.07403498142957687
0.07368747144937515
0.0894659012556076
0.12256349623203278
0.058469053357839584
0.07144544273614883
0.05616036802530289
0.11142811179161072
0.08760615438222885
0.05162260681390762
0.05730651691555977
0.07072380930185318
0.07187134772539139
0.15718978643417358
0.05654079094529152
0.06014743447303772
0.05636491999030113
0.06269460916519165
0.04723111912608147
0.08516691625118256
0.08807359635829926
0.05287102982401848
0.06760716438293457
0.05850115790963173
0.07210711389780045
0.0537218302488327
0.15288372337818146
0.06575530767440796
0.0764489471912384
0.10628535598516464
0.19902768731117249
0.0512235090136528
0.06511852145195007
0.04981536045670509
0.058989979326725006
0.07406890392303467
0.10571587085723877
0.07256998866796494
0.13552144169807434
0.0611032135784626
0.06753305345773697
0.11080791056156158
0.13709087669849396
0.05805964022874832
0.12646177411079407
0.11704523861408234
0.04904082417488098
0.1129319816827774
0.0553644560277462
0.06402222067117691
0.059077825397253036
0.0894835963845253
0.15470768511295319
0.09407353401184082
0.07390096038579941
0.06921430677175522
0.06410373002290726
0.06354793906211853
0.06674889475107193
0.18140891194343567
0.047620050609111786
0.06116962060332298
0.0820063054561615
0.0767928883433342
0.12125962972640991
0.07971949875354767
0.052190136164426804
0.10074402391910553
0.11602047830820084
0.0897207036614418
0.08881568163633347
0.12259753048419952
0.08292468637228012
0.0565987303853035
0.10260854661464691
0.13229139149188995
0.12168046087026596
0.11545202881097794
0.12371551990509033
0.1317027360200882
0.0688260868191719
0.09643944352865219
0.08431972563266754
0.08177385479211807
0.08868324756622314
0.06409014016389847
0.06753294169902802
0.06128944084048271
0.08801734447479248
0.08156631886959076
0.05968863517045975
0.07596717774868011
0.12610915303230286
0.06683535128831863
0.08350645005702972
0.07123652845621109
0.062263332307338715
0.04938039556145668
0.08128689974546432
0.06240452453494072
0.06597242504358292
0.07604832947254181
0.04976519197225571
0.06494925171136856
0.1359049677848816
0.06745446473360062
0.12467996031045914
0.10217487812042236
0.07473429292440414
0.0658179223537445
0.06467802077531815
0.1296222060918808
0.08071544766426086
0.07020571082830429
0.14871247112751007
0.08769062161445618
0.09731485694646835
0.06237678974866867
0.0678805410861969
0.11721449345350266
0.12389563769102097
0.09921928495168686
0.06317657977342606
0.12059662491083145
0.06447684019804001
0.11944448947906494
0.06911776214838028
0.094850093126297
0.08578938245773315
0.09908028692007065
0.07656906545162201
0.06757251173257828
0.12322532385587692
0.111456498503685
0.06587984412908554
0.10091522336006165
0.07965224981307983
0.05669157952070236
0.06622733175754547
0.15001258254051208
0.05780162289738655
0.0689716562628746
0.07733292877674103
0.06141332909464836
0.14194472134113312
0.12945227324962616
0.06907989829778671
0.0786394253373146
0.04229043796658516
0.04011974856257439
0.06151431426405907
0.0882914736866951
0.16781622171401978
0.06557106971740723
0.08080608397722244
0.049760207533836365
0.0877448096871376
0.08460766822099686
0.11651343107223511
0.06317770481109619
0.09952964633703232
0.0760861188173294
0.0836699828505516
0.09576266258955002
0.05564117431640625
0.1321994662284851
0.07992325723171234
0.09629616886377335
0.07281166315078735
0.07005278766155243
0.0801592767238617
0.10092221945524216
0.06183420866727829
0.05582156777381897
0.0851319208741188
0.07327351719141006
0.1431853026151657
0.07386122643947601
0.07522272318601608
0.07132565230131149
0.07751210778951645
0.07792726159095764
0.0633259043097496
0.10102543234825134
0.06236793100833893
0.07855573296546936
0.1115860715508461
0.05063442885875702
0.05970286577939987
0.10063477605581284
0.12161369621753693
0.12286550551652908
0.1349465250968933
0.05375209078192711
0.0774078220129013
0.10205882042646408
0.10535910725593567
0.11803516745567322
0.13313302397727966
