77,0.005005,0.1267436295747757
113,0.0025075,0.13682761788368225
41,0.0075025000000000005,0.122955322265625
59,0.0037562500000000005,0.1296253800392151
131,0.00875125,0.12872450053691864
95,0.00125875,0.16234666109085083
23,0.00625375,0.11749104410409927
32,0.003131875,0.12735672295093536
104,0.008126875,0.1283772736787796
140,0.0006343750000000001,0.22221936285495758
68,0.005629375,0.128151074051857
50,0.0018831250000000003,0.13585889339447021
122,0.006878125,0.13009990751743317
86,0.004380625,0.13009242713451385
14,0.009375625,0.1129985898733139
18,0.0046928125,0.11973611265420914
91,0.0096878125,0.1261758804321289
127,0.0021953125,0.13921581208705902
54,0.0071903125,0.12125734239816666
72,0.0009465625000000001,0.15548798441886902
145,0.0059415625,0.1326480209827423
109,0.0034440625,0.1352890580892563
36,0.0084390625,0.11770232766866684
27,0.0015709375,0.1292533576488495
100,0.0065659375,0.129294753074646
136,0.0040684375,0.13594025373458862
63,0.0090634375,0.12418638914823532
45,0.0028196875,0.12870687246322632
118,0.0078146875,0.12918075919151306
82,0.00032218750000000005,0.2914428114891052
9,0.0053171875,0.1143016517162323
11,0.00266359375,0.12049059569835663
84,0.0076585937500000005,0.12755505740642548
120,0.00016609375,0.6170753836631775
48,0.00516109375,0.12329085171222687
66,0.00141484375,0.13807128369808197
138,0.00640984375,0.13129955530166626
102,0.00391234375,0.133566752076149
29,0.00890734375,0.11933515220880508
38,0.00079046875,0.1444941908121109
111,0.00578546875,0.13045425713062286
147,0.00328796875,0.14436395466327667
75,0.00828296875,0.12620507180690765
57,0.00453671875,0.12423037737607956
129,0.00953171875,0.12796622514724731
93,0.0020392187500000002,0.1417207270860672
20,0.00703421875,0.11654294282197952
16,0.00235140625,0.12469523400068283
88,0.00734640625,0.12784354388713837
125,0.00484890625,0.13427495956420898
52,0.00984390625,0.12311500310897827
70,0.00360015625,0.12196733802556992
143,0.00859515625,0.12758398056030273
106,0.0011026562500000001,0.16872258484363556
34,0.00609765625,0.12340530753135681
25,0.00422453125,0.12365348637104034
97,0.00921953125,0.12620729207992554
134,0.00172703125,0.16669371724128723
61,0.00672203125,0.12617745995521545
43,0.0004782812500000001,0.17420709133148193
116,0.00547328125,0.13294878602027893
79,0.00297578125,0.13157351315021515
7,0.00797078125,0.11031120270490646
8,0.003990390625,0.11535727977752686
80,0.008985390625,0.12071677297353745
117,0.001492890625,0.15953435003757477
44,0.006487890625,0.12263938039541245
62,0.00024414062500000005,0.21624420583248138
135,0.005239140625,0.12998881936073303
99,0.002741640625,0.1350000649690628
26,0.007736640625,0.11767198890447617
35,0.0021172656250000002,0.12549123167991638
108,0.007112265625,0.12280096858739853
144,0.0046147656249999995,0.12873004376888275
71,0.009609765625,0.12506094574928284
53,0.003366015625,0.1294419914484024
126,0.008361015625,0.1273525506258011
89,0.000868515625,0.19516755640506744
17,0.005863515625,0.11764120310544968
21,0.0011807031250000001,0.12975379824638367
94,0.006175703125,0.12401626259088516
130,0.003678203125,0.1395511031150818
58,0.008673203125,0.1237797737121582
76,0.0049269531249999995,0.12976273894309998
148,0.009921953125,0.12879370152950287
112,0.002429453125,0.14142706990242004
40,0.007424453125,0.1194784864783287
31,0.003053828125,0.1222914382815361
103,0.008048828125,0.12277868390083313
139,0.0005563281250000001,0.295520544052124
67,0.005551328125,0.1271750032901764
49,0.001805078125,0.13213667273521423
121,0.006800078125,0.1302568018436432
85,0.0043025781249999995,0.1312374472618103
12,0.009297578125,0.11147443950176239
10,0.001336796875,0.12480203062295914
83,0.006331796875,0.12471998482942581
119,0.0038342968750000005,0.1334906667470932
46,0.008829296875,0.11741361767053604
65,0.002585546875,0.1344291865825653
137,0.007580546875,0.13131967186927795
101,8.8046875e-05,0.633971095085144
28,0.005083046875,0.12274035066366196
37,0.0044586718749999995,0.12609873712062836
110,0.009453671875,0.12768273055553436
146,0.0019611718750000002,0.1540217101573944
74,0.006956171875,0.12613606452941895
55,0.0007124218750000001,0.1643800586462021
128,0.005707421875,0.13303856551647186
92,0.003209921875,0.14005771279335022
19,0.008204921875,0.11579490453004837
15,0.003522109375,0.12124419957399368
87,0.008517109375,0.12713117897510529
123,0.0010246093750000001,0.1832953691482544
51,0.006019609375,0.12601330876350403
69,0.002273359375,0.13848118484020233
142,0.007268359375,0.13112401962280273
105,0.0047708593749999995,0.13233567774295807
33,0.009765859375,0.1195179745554924
24,0.00040023437500000004,0.1469937115907669
96,0.005395234375,0.12986420094966888
133,0.002897734375,0.1424749791622162
60,0.007892734375,0.12016843259334564
42,0.0041464843749999996,0.12707455456256866
114,0.009141484375,0.12029242515563965
78,0.001648984375,0.14003200829029083
6,0.006643984375,0.11095916479825974
6,0.0033269921875000003,0.11402152478694916
79,0.0083219921875,0.12600770592689514
115,0.0008294921875,0.16591520607471466
42,0.0058244921875,0.12514209747314453
61,0.0020782421875,0.13663697242736816
133,0.0070732421875,0.1309785395860672
97,0.0045757421875,0.13312530517578125
24,0.0095707421875,0.11488471180200577
33,0.0002051171875,0.19805079698562622
106,0.0052001171875,0.13276822865009308
142,0.0027026171875000004,0.13953085243701935
70,0.0076976171875,0.11595175415277481
52,0.0039513671875,0.12816546857357025
124,0.0089463671875,0.1284361481666565
88,0.0014538671875,0.14037570357322693
15,0.0064488671875,0.115725576877594
20,0.0017660546875,0.12798218429088593
92,0.0067610546875,0.127811998128891
129,0.0042635546875,0.13313205540180206
56,0.0092585546875,0.12372773140668869
74,0.0030148046875000003,0.13277283310890198
147,0.0080098046875,0.1309974044561386
110,0.0005173046875000001,0.25538820028305054
38,0.0055123046875,0.12142476439476013
29,0.0048879296875,0.1236211284995079
101,0.0098829296875,0.12627862393856049
138,0.0023904296875,0.1457507610321045
65,0.0073854296875,0.12527747452259064
47,0.0011416796875000001,0.14164619147777557
119,0.0061366796874999996,0.1303592324256897
83,0.0036391796875000003,0.1307399719953537
11,0.0086341796875,0.1127937063574791
13,0.0006733984375000001,0.13227419555187225
85,0.0056683984375,0.1288873553276062
122,0.0031708984375000003,0.14584468305110931
49,0.0081658984375,0.12066652625799179
67,0.0044196484375,0.12871070206165314
140,0.009414648437500001,0.12849938869476318
104,0.0019221484375000002,0.13700933754444122
31,0.0069171484375,0.11404003202915192
40,0.0025465234375000004,0.12943992018699646
113,0.0075415234375,0.12733930349349976
149,4.90234375e-05,2.0214107036590576
76,0.0050440234375,0.128777414560318
58,0.0012977734375,0.14289456605911255
131,0.0062927734375,0.13169007003307343
95,0.0037952734375000003,0.13325849175453186
22,0.008790273437500001,0.11594121158123016
18,0.0041074609375,0.12102627009153366
90,0.009102460937500001,0.12099625915288925
126,0.0016099609375,0.15770669281482697
54,0.0066049609375,0.12227825820446014
72,0.00036121093750000004,0.21806339919567108
144,0.0053562109375,0.1318347156047821
108,0.0028587109375000004,0.13799795508384705
36,0.0078537109375,0.11834818869829178
27,0.0022343359375,0.12764790654182434
99,0.0072293359375,0.12902291119098663
135,0.0047318359375,0.13429202139377594
63,0.009726835937500001,0.12370532006025314
45,0.0034830859375000003,0.12663891911506653
117,0.0084780859375,0.1284019947052002
81,0.0009855859375000001,0.15023452043533325
8,0.0059805859375,0.11294864863157272
7,0.0020001953125,0.11923225224018097
80,0.0069951953125,0.12289656698703766
116,0.0044976953125,0.13163162767887115
44,0.0094926953125,0.11869816482067108
62,0.0032489453125000003,0.1217133030295372
134,0.0082439453125,0.12622182071208954
98,0.0007514453125,0.1745166778564453
25,0.0057464453125,0.12134018540382385
35,0.0038733203125000002,0.12215383350849152
107,0.0088683203125,0.12645208835601807
143,0.0013758203125,0.19817399978637695
71,0.0063708203125,0.12744468450546265
53,0.0001270703125,0.28378787636756897
125,0.0051220703125,0.1344895362854004
89,0.0026245703125000004,0.13924959301948547
16,0.0076195703125,0.11442884802818298
21,0.0029367578125000003,0.12460888922214508
93,0.0079317578125,0.12649771571159363
130,0.00043925781250000003,0.246506005525589
57,0.0054342578125,0.12286335229873657
75,0.0016880078125,0.14853420853614807
148,0.0066830078125,0.13404814898967743
112,0.0041855078125,0.1318376064300537
39,0.0091805078125,0.1211036965250969
30,0.0010636328125000001,0.13625158369541168
102,0.0060586328125,0.12866634130477905
139,0.0035611328125000003,0.13747400045394897
66,0.0085561328125,0.12551522254943848
48,0.0048098828125,0.12435058504343033
121,0.0098048828125,0.1285393387079239
84,0.0023123828125,0.1352793574333191
12,0.0073073828125,0.11309576034545898
10,0.0046537890625,0.11447037011384964
82,0.0096487890625,0.125413179397583
118,0.0021562890625,0.16503600776195526
46,0.0071512890625,0.11977169662714005
64,0.0009075390625,0.14818891882896423
136,0.0059025390625,0.13197678327560425
100,0.0034050390625000003,0.13407114148139954
28,0.0084000390625,0.1178530603647232
37,0.0015319140625,0.13349486887454987
109,0.0065269140625,0.12966684997081757
146,0.0040294140625,0.14017951488494873
73,0.0090244140625,0.12566272914409637
55,0.0027806640625000004,0.13119690120220184
127,0.0077756640625,0.12621478736400604
91,0.00028316406250000005,0.23632889986038208
19,0.0052781640625,0.11892598122358322
14,0.0005953515625000001,0.13170240819454193
87,0.0055903515625,0.12937061488628387
123,0.0030928515625000003,0.1408103108406067
50,0.0080878515625,0.12246933579444885
69,0.0043416015625,0.12992677092552185
141,0.0093366015625,0.12863542139530182
105,0.0018441015625,0.14798292517662048
32,0.0068391015625,0.12229744344949722
23,0.0037172265625000003,0.12212623655796051
96,0.0087122265625,0.12757273018360138
132,0.0012197265625,0.17134137451648712
59,0.0062147265625,0.12658265233039856
41,0.0024684765625,0.1306641399860382
114,0.0074634765625,0.12245966494083405
78,0.0049659765625,0.12998934090137482
5,0.0099609765625,0.10867916792631149
5,0.00498548828125,0.11011668294668198
78,0.00998048828125,0.1254037767648697
114,0.0024879882812500003,0.14234864711761475
42,0.00748298828125,0.12347777932882309
60,0.00123923828125,0.1548900604248047
132,0.00623423828125,0.1299218088388443
96,0.00373673828125,0.13387228548526764
23,0.00873173828125,0.11490192264318466
33,0.0018636132812500001,0.12996380031108856
105,0.00685861328125,0.12985873222351074
141,0.00436111328125,0.13606438040733337
69,0.00935611328125,0.12465852499008179
51,0.0031123632812500002,0.1299533247947693
123,0.00810736328125,0.12883272767066956
87,0.0006148632812500001,0.1889570653438568
14,0.0056098632812499995,0.11371886730194092
19,0.00030267578125000005,0.15511056780815125
91,0.0052976757812499995,0.12999854981899261
128,0.0028001757812500003,0.14830943942070007
55,0.00779517578125,0.12435311824083328
73,0.00404892578125,0.1307152509689331
146,0.00904392578125,0.12974508106708527
110,0.0015514257812500002,0.1503944844007492
37,0.00654642578125,0.12358977645635605
28,0.00342455078125,0.12586182355880737
101,0.00841955078125,0.12745390832424164
137,0.00092705078125,0.22861546277999878
64,0.00592205078125,0.12756812572479248
46,0.0021758007812500003,0.13099022209644318
119,0.00717080078125,0.12804710865020752
82,0.00467330078125,0.12991859018802643
10,0.00966830078125,0.11085832118988037
12,0.0023318945312500003,0.12277436256408691
85,0.00732689453125,0.12759484350681305
121,0.00482939453125,0.13415683805942535
48,0.00982439453125,0.11736111342906952
67,0.00358064453125,0.13085010647773743
139,0.008575644531250001,0.12889808416366577
103,0.00108314453125,0.18649174273014069
30,0.00607814453125,0.11985704302787781
39,0.00420501953125,0.12655259668827057
112,0.00920001953125,0.12688088417053223
148,0.0017075195312500002,0.17305538058280945
76,0.00670251953125,0.12746085226535797
57,0.00045876953125000003,0.1720685362815857
130,0.0054537695312499995,0.13190287351608276
94,0.0029562695312500002,0.13777515292167664
21,0.00795126953125,0.11488526314496994
17,0.0026440820312500003,0.12433554232120514
89,0.00763908203125,0.12729942798614502
125,0.00014658203125,0.8289894461631775
53,0.0051415820312499996,0.12716126441955566
71,0.0013953320312500002,0.1418410688638687
144,0.00639033203125,0.12630417943000793
107,0.00389283203125,0.13389012217521667
35,0.008887832031250001,0.11505505442619324
26,0.00077095703125,0.14307360351085663
98,0.00576595703125,0.12658904492855072
134,0.00326845703125,0.14775069057941437
62,0.008263457031250001,0.11615661531686783
44,0.00451720703125,0.12589681148529053
116,0.00951220703125,0.12775841355323792
80,0.0020197070312500003,0.13935652375221252
8,0.00701470703125,0.11222866922616959
9,0.00100509765625,0.12683042883872986
81,0.00600009765625,0.12840241193771362
117,0.00350259765625,0.13695493340492249
45,0.00849759765625,0.1182618960738182
63,0.00475134765625,0.12809717655181885
136,0.00974634765625,0.1289442777633667
99,0.0022538476562500003,0.13923271000385284
27,0.00724884765625,0.11771610379219055
36,0.0028782226562500002,0.12678313255310059
108,0.00787322265625,0.12356273084878922
145,0.00038072265625000004,0.3144195079803467
72,0.00537572265625,0.12497849017381668
54,0.0016294726562500002,0.1343499720096588
127,0.00662447265625,0.1279142051935196
90,0.00412697265625,0.1322331577539444
18,0.00912197265625,0.1137855276465416
22,0.00381478515625,0.12358720600605011
95,0.00880978515625,0.1273619681596756
131,0.0013172851562500002,0.17047220468521118
59,0.00631228515625,0.12649022042751312
77,6.853515625e-05,1.0664641857147217
149,0.00506353515625,0.1346251666545868
113,0.0025660351562500003,0.1462356299161911
40,0.00756103515625,0.11905796825885773
31,0.0019416601562500001,0.12566682696342468
104,0.00693666015625,0.12939167022705078
140,0.00443916015625,0.13429562747478485
68,0.00943416015625,0.12489241361618042
50,0.00319041015625,0.1285724639892578
122,0.00818541015625,0.1286875605583191
86,0.0006929101562500001,0.21536028385162354
13,0.00568791015625,0.11635362356901169
11,0.00365869140625,0.11783911287784576
84,0.00865369140625,0.1266682893037796
120,0.00116119140625,0.1527150571346283
47,0.00615619140625,0.12113800644874573
65,0.0024099414062500003,0.132075697183609
138,0.00740494140625,0.13113436102867126
102,0.00490744140625,0.1321021467447281
29,0.00990244140625,0.11833707243204117
38,0.0005368164062500001,0.1645674705505371
111,0.00553181640625,0.13127852976322174
147,0.0030343164062500002,0.1496889740228653
74,0.00802931640625,0.12522126734256744
56,0.00428306640625,0.12850163877010345
129,0.00927806640625,0.12899555265903473
93,0.0017855664062500002,0.13946989178657532
20,0.00678056640625,0.11687369644641876
16,0.0014733789062500002,0.12783779203891754
88,0.00646837890625,0.12887385487556458
124,0.00397087890625,0.13606566190719604
52,0.00896587890625,0.12376121431589127
70,0.0027221289062500003,0.1273394227027893
142,0.00771712890625,0.1291557401418686
106,0.00022462890625,0.4336808919906616
34,0.00521962890625,0.12453408539295197
25,0.00459525390625,0.12305169552564621
97,0.00959025390625,0.12578077614307404
133,0.0020977539062500003,0.15679888427257538
61,0.00709275390625,0.1258624643087387
43,0.00084900390625,0.16058339178562164
115,0.00584400390625,0.13014808297157288
79,0.00334650390625,0.13260242342948914
6,0.00834150390625,0.11004727333784103
6,0.0016684960937500002,0.11994515359401703
78,0.00666349609375,0.12797386944293976
115,0.00416599609375,0.13337606191635132
42,0.00916099609375,0.12198182940483093
60,0.00291724609375,0.12935546040534973
133,0.00791224609375,0.1291421800851822
97,0.00041974609375000003,0.21376018226146698
24,0.00541474609375,0.11985452473163605
33,0.00479037109375,0.12501800060272217
106,0.00978537109375,0.12683962285518646
142,0.00229287109375,0.15671905875205994
69,0.00728787109375,0.12611620128154755
51,0.00104412109375,0.15162517130374908
124,0.00603912109375,0.13129808008670807
87,0.0035416210937500004,0.1321917474269867
15,0.00853662109375,0.11335723102092743
20,0.0032294335937500004,0.12359127402305603
92,0.00822443359375,0.1272055208683014
128,0.00073193359375,0.1964358389377594
56,0.00572693359375,0.12677665054798126
74,0.00198068359375,0.1428024023771286
146,0.0069756835937500004,0.13183042407035828
110,0.00447818359375,0.134495347738266
38,0.00947318359375,0.11698050051927567
29,0.00010755859375,0.27250197529792786
101,0.00510255859375,0.1305081695318222
137,0.00260505859375,0.14638091623783112
65,0.00760005859375,0.1251424103975296
47,0.0038538085937500004,0.12614315748214722
119,0.00884880859375,0.1270523965358734
83,0.0013563085937500002,0.1398211121559143
10,0.00635130859375,0.11308371275663376
13,0.00432208984375,0.11854083091020584
85,0.00931708984375,0.12592744827270508
121,0.0018245898437500001,0.15506458282470703
49,0.00681958984375,0.12212550640106201
67,0.0005758398437500001,0.18661537766456604
140,0.00557083984375,0.1332775503396988
103,0.00307333984375,0.1332634687423706
31,0.00806833984375,0.11414821445941925
40,0.00244896484375,0.12914571166038513
112,0.00744396484375,0.12924449145793915
149,0.00494646484375,0.13661277294158936
76,0.009941464843750001,0.12455182522535324
58,0.0036977148437500004,0.12925684452056885
131,0.00869271484375,0.12901751697063446
94,0.00120021484375,0.16866658627986908
22,0.00619521484375,0.11928604543209076
17,0.00088802734375,0.13010862469673157
90,0.00588302734375,0.12512065470218658
126,0.0033855273437500004,0.13601315021514893
53,0.00838052734375,0.1239379420876503
72,0.00463427734375,0.1276412308216095
144,0.009629277343750001,0.12171035259962082
108,0.00213677734375,0.13796256482601166
35,0.00713177734375,0.11442368477582932
26,0.00276115234375,0.12654097378253937
99,0.00775615234375,0.12833181023597717
135,0.00026365234375000005,0.3184668719768524
63,0.00525865234375,0.1275370568037033
44,0.0015124023437500002,0.13216795027256012
117,0.00650740234375,0.13051334023475647
81,0.00400990234375,0.13131123781204224
8,0.00900490234375,0.11117035895586014
7,0.00299529296875,0.11645915359258652
80,0.00799029296875,0.12196645140647888
116,0.0004977929687500001,0.20490509271621704
43,0.00549279296875,0.12510579824447632
61,0.0017465429687500002,0.1370452642440796
134,0.00674154296875,0.12768808007240295
98,0.0042440429687499994,0.13180410861968994
25,0.00923904296875,0.11741752922534943
34,0.00112216796875,0.13192397356033325
107,0.00611716796875,0.12991824746131897
143,0.0036196679687500004,0.13977718353271484
70,0.00861466796875,0.11533012241125107
52,0.00486841796875,0.1274704486131668
125,0.00986341796875,0.1272800713777542
89,0.00237091796875,0.14180336892604828
16,0.00736591796875,0.1147192195057869
21,0.00205873046875,0.12656167149543762
93,0.00705373046875,0.12757520377635956
129,0.00455623046875,0.13125768303871155
57,0.00955123046875,0.1180272176861763
75,0.0033074804687500004,0.13198022544384003
148,0.00830248046875,0.13011695444583893
111,0.00080998046875,0.19956380128860474
39,0.00580498046875,0.12479934096336365
30,0.0039318554687499995,0.1239190325140953
102,0.00892685546875,0.1264084130525589
138,0.0014343554687500002,0.17547811567783356
66,0.00642935546875,0.12726213037967682
48,0.00018560546875,0.2849377989768982
120,0.00518060546875,0.12898819148540497
84,0.00268310546875,0.13955067098140717
12,0.00767810546875,0.11270537227392197
9,0.00034169921875000004,0.1318652480840683
82,0.00533669921875,0.129658043384552
118,0.00283919921875,0.14103467762470245
46,0.00783419921875,0.11834830045700073
64,0.0040879492187499995,0.12984958291053772
136,0.00908294921875,0.12930144369602203
100,0.0015904492187500002,0.15608452260494232
27,0.00658544921875,0.11860613524913788
37,0.0034635742187500004,0.1275492161512375
109,0.00845857421875,0.12837660312652588
145,0.0009660742187500001,0.22070838510990143
73,0.00596107421875,0.12812699377536774
55,0.00221482421875,0.13235719501972198
127,0.00720982421875,0.12519675493240356
91,0.00471232421875,0.1292383372783661
18,0.00970732421875,0.11335664987564087
14,0.00440013671875,0.11483508348464966
86,0.00939513671875,0.12391116470098495
123,0.0019026367187500001,0.1417403668165207
50,0.00689763671875,0.12405215948820114
68,0.0006538867187500001,0.17109020054340363
141,0.00564888671875,0.1319587677717209
104,0.0031513867187500004,0.13836993277072906
32,0.00814638671875,0.12095443904399872
23,0.0012782617187500002,0.1305772364139557
95,0.00627326171875,0.1294536590576172
132,0.0037757617187500004,0.13390524685382843
59,0.00877076171875,0.12449101358652115
41,0.00252701171875,0.1300102025270462
114,0.00752201171875,0.12265391647815704
77,2.9511718750000004e-05,1.0746960639953613
5,0.00502451171875,0.11010491102933884
5,0.0025172558593750003,0.11475329101085663
77,0.007512255859375,0.12408673763275146
114,1.9755859375e-05,1.347555160522461
41,0.005014755859375,0.12567119300365448
59,0.001268505859375,0.1455421894788742
132,0.006263505859375,0.1307441145181656
96,0.003766005859375,0.13220378756523132
23,0.008761005859375,0.11488355696201324
32,0.0006441308593750001,0.13991567492485046
105,0.005639130859375,0.13133375346660614
141,0.0031416308593750003,0.1533898413181305
68,0.008136630859375,0.12581315636634827
50,0.004390380859375,0.12684206664562225
123,0.009385380859375,0.12800957262516022
86,0.0018928808593750002,0.1455504447221756
14,0.006887880859375,0.11348360776901245
19,0.0022050683593750004,0.1251102238893509
91,0.007200068359375,0.128355473279953
127,0.004702568359375,0.12806566059589386
55,0.009697568359375,0.12271832674741745
73,0.0034538183593750002,0.1320122331380844
145,0.008448818359375,0.1300254613161087
109,0.0009563183593750001,0.15565504133701324
37,0.005951318359375,0.12422154098749161
28,0.004078193359375,0.12465019524097443
100,0.009073193359375,0.12689091265201569
136,0.0015806933593750002,0.1586669534444809
64,0.006575693359375,0.12682697176933289
46,0.00033194335937500004,0.17310301959514618
118,0.005326943359375,0.13366223871707916
82,0.0028294433593750003,0.13276474177837372
9,0.007824443359375,0.11239001899957657
12,0.000175849609375,0.14141292870044708
84,0.005170849609375,0.12968848645687103
120,0.0026733496093750003,0.1488107591867447
48,0.007668349609375,0.11981958895921707
66,0.003922099609375,0.12863366305828094
139,0.008917099609375,0.12940749526023865
102,0.001424599609375,0.1604328602552414
30,0.006419599609375,0.1194119080901146
39,0.0032977246093750003,0.12770530581474304
111,0.008292724609375,0.12860777974128723
148,0.0008002246093750001,0.21563884615898132
75,0.005795224609375,0.12891198694705963
57,0.002048974609375,0.13343468308448792
130,0.007043974609375,0.13112644851207733
93,0.004546474609375,0.13025417923927307
21,0.009541474609375,0.11405033618211746
16,0.004858662109375,0.11863444000482559
89,0.009853662109375,0.12537598609924316
125,0.0023611621093750004,0.15390102565288544
53,0.007356162109375,0.12479446828365326
71,0.001112412109375,0.15675337612628937
143,0.006107412109375,0.13289865851402283
107,0.0036099121093750002,0.13500235974788666
34,0.008604912109375,0.12089276313781738
25,0.0017367871093750002,0.1295989453792572
98,0.006731787109375,0.1251702606678009
134,0.004234287109375,0.13491860032081604
62,0.009229287109375,0.11561688780784607
43,0.0029855371093750003,0.12892299890518188
116,0.007980537109375,0.12928643822669983
80,0.0004880371093750001,0.22600051760673523
7,0.005483037109375,0.1111905425786972
8,0.001502646484375,0.12274202704429626
81,0.006497646484375,0.12800677120685577
117,0.004000146484375,0.13365468382835388
45,0.008995146484375001,0.11787095665931702
63,0.0027513964843750003,0.13191795349121094
135,0.007746396484375,0.12488380074501038
99,0.00025389648437500005,0.36025992035865784
26,0.005248896484375,0.12131554633378983
36,0.004624521484375,0.12389495223760605
108,0.009619521484375,0.12101180851459503
144,0.002127021484375,0.14431947469711304
72,0.007122021484375,0.12216116487979889
54,0.0008782714843750001,0.1561814695596695
126,0.0058732714843749995,0.1305946558713913
90,0.0033757714843750002,0.1325567662715912
17,0.008370771484375,0.11436522752046585
22,0.003687958984375,0.12380524724721909
94,0.008682958984375001,0.12088433653116226
131,0.001190458984375,0.16566382348537445
58,0.006185458984375,0.12574389576911926
76,0.0024392089843750004,0.13829317688941956
149,0.007434208984375,0.13005250692367554
113,0.004936708984375,0.13099093735218048
40,0.009931708984375,0.11674540489912033
31,0.000566083984375,0.1464940905570984
103,0.005561083984375,0.12700538337230682
140,0.0030635839843750003,0.1454351544380188
67,0.008058583984375,0.12500512599945068
49,0.004312333984375,0.1266711950302124
122,0.009307333984375001,0.12806114554405212
85,0.0018148339843750002,0.14519494771957397
13,0.006809833984375,0.11460565775632858
11,0.003844052734375,0.11747520416975021
83,0.008839052734375,0.12186120450496674
119,0.001346552734375,0.1561364382505417
47,0.006341552734375,0.12096410244703293
65,9.7802734375e-05,0.5863281488418579
137,0.005092802734375,0.1356240212917328
101,0.0025953027343750003,0.13500654697418213
29,0.007590302734375,0.12057112157344818
38,0.001970927734375,0.13016439974308014
110,0.006965927734375,0.12966401875019073
147,0.004468427734375,0.14016181230545044
74,0.009463427734375,0.12363924086093903
56,0.0032196777343750003,0.1298169195652008
128,0.008214677734375,0.1293434351682663
92,0.0007221777343750001,0.16642552614212036
20,0.0057171777343749995,0.11847637593746185
15,0.001034365234375,0.1292465478181839
88,0.006029365234375,0.12931691110134125
124,0.0035318652343750002,0.13789361715316772
51,0.008526865234375,0.12388220429420471
69,0.004780615234375,0.1283676028251648
142,0.009775615234375,0.12735968828201294
106,0.0022831152343750004,0.1432768851518631
33,0.007278115234375,0.12217069417238235
24,0.0029074902343750003,0.12579979002475739
97,0.007902490234375,0.1269800364971161
133,0.00040999023437500004,0.27138206362724304
60,0.005404990234375,0.12454482167959213
42,0.0016587402343750002,0.13310031592845917
115,0.006653740234375,0.13035814464092255
79,0.004156240234375,0.1311093270778656
6,0.009151240234375,0.10959607362747192
7,0.0008392480468750001,0.1259581297636032
79,0.005834248046875,0.12798665463924408
115,0.003336748046875,0.1373525708913803
43,0.008331748046875,0.12161936610937119
61,0.004585498046875,0.1282528042793274
133,0.009580498046875,0.1276969462633133
97,0.002087998046875,0.13787516951560974
25,0.007082998046875,0.11962555348873138
34,0.002712373046875,0.12840647995471954
106,0.007707373046875,0.1283452808856964
143,0.000214873046875,0.4255983829498291
70,0.005209873046875,0.1187436431646347
52,0.001463623046875,0.1385493278503418
124,0.006458623046875,0.13124483823776245
88,0.003961123046875,0.1330680400133133
16,0.008956123046875,0.11316689103841782
20,0.004273310546875,0.12116649746894836
93,0.009268310546875,0.12574109435081482
129,0.0017758105468750002,0.15975169837474823
56,0.006770810546875,0.1257048100233078
75,0.000527060546875,0.2235453575849533
147,0.005522060546875,0.132409006357193
111,0.003024560546875,0.14387336373329163
38,0.008019560546875,0.11835977435112
29,0.002400185546875,0.12817689776420593
102,0.0073951855468750004,0.1274423897266388
138,0.004897685546875,0.1326584368944168
66,0.009892685546875,0.12463535368442535
47,0.0036489355468750004,0.1264619678258896
120,0.008643935546875,0.12162598967552185
84,0.001151435546875,0.16761115193367004
11,0.006146435546875,0.11462678015232086
13,0.003180654296875,0.12088014930486679
86,0.008175654296875,0.12482157349586487
122,0.0006831542968750001,0.24890990555286407
50,0.005678154296875,0.12533408403396606
68,0.0019319042968750002,0.1382608711719513
140,0.006926904296875,0.13152188062667847
104,0.004429404296875,0.13302206993103027
32,0.009424404296875,0.11971862614154816
41,5.8779296875e-05,0.37966567277908325
113,0.005053779296875,0.13263766467571259
149,0.002556279296875,0.14688314497470856
77,0.007551279296875,0.12400590628385544
59,0.0038050292968750004,0.1299203485250473
131,0.008800029296875,0.12850843369960785
95,0.001307529296875,0.15597134828567505
22,0.006302529296875,0.1191328689455986
18,0.0016197167968750002,0.12799496948719025
90,0.006614716796875,0.12312567234039307
127,0.004117216796875,0.1342102289199829
54,0.009112216796875,0.11835725605487823
72,0.002868466796875,0.13359375298023224
145,0.007863466796875,0.13062472641468048
109,0.00037096679687500004,0.2569893002510071
36,0.005365966796875,0.12212024629116058
27,0.004741591796875,0.12202517688274384
100,0.009736591796875001,0.12658385932445526
136,0.002244091796875,0.1586863100528717
63,0.0072390917968750005,0.12561511993408203
45,0.000995341796875,0.14594443142414093
118,0.005990341796875,0.13126331567764282
81,0.0034928417968750004,0.1327890306711197
9,0.008487841796875,0.11209730058908463
8,0.0045074511718749995,0.11457530409097672
80,0.009502451171875,0.12064657360315323
117,0.002009951171875,0.1575150340795517
44,0.007004951171875,0.12224314361810684
62,0.0007612011718750001,0.17287062108516693
135,0.005756201171875,0.12987446784973145
98,0.003258701171875,0.13490444421768188
26,0.008253701171875,0.11708804219961166
35,0.001385576171875,0.1306009739637375
107,0.006380576171875,0.1290065497159958
144,0.0038830761718750004,0.1369977593421936
71,0.008878076171875,0.12552671134471893
53,0.002634326171875,0.13256263732910156
126,0.007629326171875,0.12904717028141022
89,0.000136826171875,0.3638235330581665
17,0.005131826171875,0.1189226284623146
21,0.00044901367187500003,0.14009982347488403
94,0.005444013671875,0.12630175054073334
130,0.002946513671875,0.14171642065048218
58,0.007941513671875,0.12434931099414825
76,0.0041952636718749995,0.13078291714191437
148,0.009190263671875,0.12960284948349
112,0.0016977636718750002,0.15532495081424713
39,0.006692763671875,0.12390760332345963
30,0.0035708886718750004,0.12512050569057465
103,0.008565888671875,0.1195422112941742
139,0.001073388671875,0.20061556994915009
67,0.006068388671875,0.1268228143453598
49,0.002322138671875,0.13088726997375488
121,0.007317138671875,0.1299414336681366
85,0.004819638671875,0.13086077570915222
12,0.009814638671875,0.11122595518827438
10,0.002166044921875,0.11942222714424133
83,0.007161044921875,0.12375178188085556
119,0.0046635449218749995,0.13399268686771393
46,0.009658544921875,0.1166761964559555
64,0.003414794921875,0.13181929290294647
137,0.008409794921875,0.1299547255039215
101,0.0009172949218750001,0.18498589098453522
28,0.005912294921875,0.12119705229997635
37,0.0040391699218749995,0.12669745087623596
110,0.009034169921875,0.12777823209762573
146,0.001541669921875,0.1612001359462738
73,0.006536669921875,0.12752333283424377
55,0.00029291992187500005,0.20732294023036957
128,0.005287919921875,0.13427621126174927
92,0.002790419921875,0.1368851214647293
19,0.007785419921875,0.1161409467458725
15,0.003102607421875,0.12223705649375916
87,0.008097607421875,0.12756800651550293
123,0.000605107421875,0.22670790553092957
51,0.005600107421875,0.1264430433511734
69,0.0018538574218750002,0.13900718092918396
141,0.006848857421875,0.13205169141292572
105,0.0043513574218749995,0.13400240242481232
33,0.009346357421875,0.11996407806873322
24,0.001229482421875,0.13013137876987457
96,0.006224482421875,0.12930183112621307
132,0.0037269824218750004,0.1392805129289627
60,0.008721982421875,0.11928019672632217
42,0.004975732421875,0.1261148303747177
114,0.009970732421875,0.11941737681627274
78,0.002478232421875,0.14058373868465424
5,0.007473232421875,0.10956262797117233
5,0.002497744140625,0.11483094096183777
78,0.007492744140625,0.12718674540519714
114,0.004995244140625,0.12664148211479187
41,0.009990244140625,0.12069692462682724
60,0.0037464941406250003,0.1278705894947052
132,0.008741494140625,0.12877070903778076
96,0.0012489941406250002,0.15799859166145325
23,0.006243994140625,0.11749139428138733
32,0.004370869140625,0.125291645526886
105,0.009365869140625,0.12725520133972168
141,0.001873369140625,0.16340000927448273
69,0.006868369140625,0.126397505402565
51,0.000624619140625,0.15882635116577148
123,0.005619619140625,0.13278228044509888
87,0.0031221191406250004,0.13602402806282043
14,0.008117119140625,0.1140730232000351
19,0.002809931640625,0.12355997413396835
91,0.007804931640625,0.1275203377008438
128,0.00031243164062500005,0.2982015311717987
55,0.005307431640625,0.12665560841560364
73,0.0015611816406250001,0.14854463934898376
146,0.0065561816406249996,0.13227055966854095
109,0.004058681640625,0.13317182660102844
37,0.009053681640625,0.12084028124809265
28,0.0009368066406250001,0.13304370641708374
100,0.005931806640625,0.1302892416715622
137,0.0034343066406250003,0.13934266567230225
64,0.008429306640625,0.12548968195915222
46,0.004683056640625,0.12374506145715714
118,0.009678056640625,0.12748762965202332
82,0.002185556640625,0.13686059415340424
10,0.007180556640625,0.11217077076435089
12,0.004839150390625,0.1168663278222084
85,0.009834150390625001,0.12542401254177094
121,0.002341650390625,0.15724684298038483
48,0.007336650390625,0.12024669349193573
66,0.0010929003906250002,0.14831820130348206
139,0.006087900390625,0.13259056210517883
103,0.0035904003906250003,0.13184377551078796
30,0.008585400390625,0.1167660728096962
39,0.001717275390625,0.13393206894397736
112,0.006712275390625,0.129934623837471
148,0.004214775390625,0.13488474488258362
75,0.009209775390625001,0.1255197525024414
57,0.0029660253906250004,0.12767460942268372
130,0.007961025390625,0.13035455346107483
94,0.00046852539062500003,0.25127989053726196
21,0.005463525390625,0.11779126524925232
17,0.000156337890625,0.1668013632297516
89,0.005151337890625,0.12931035459041595
125,0.002653837890625,0.14546586573123932
53,0.007648837890625,0.12455038726329803
71,0.0039025878906250003,0.1291533261537552
143,0.008897587890625,0.12667618691921234
107,0.0014050878906250001,0.15972106158733368
35,0.006400087890625,0.11481627076864243
26,0.0032782128906250004,0.12566033005714417
98,0.008273212890625,0.12373410910367966
134,0.0007807128906250001,0.19995252788066864
62,0.005775712890625,0.11819308251142502
44,0.002029462890625,0.1335456520318985
116,0.007024462890625,0.12942923605442047
80,0.004526962890625,0.12816554307937622
7,0.009521962890625001,0.11016436666250229
9,0.0035123535156250003,0.11728296428918839
81,0.008507353515625,0.12667006254196167
117,0.0010148535156250002,0.1800306886434555
45,0.006009853515625,0.12245014309883118
63,0.002263603515625,0.13626737892627716
135,0.007258603515625,0.12527872622013092
99,0.004761103515625,0.1311970353126526
27,0.009756103515625,0.11527932435274124
36,0.00039047851562500004,0.16686290502548218
108,0.005385478515625,0.12861692905426025
145,0.0028879785156250004,0.1394113451242447
72,0.007882978515625,0.12156005948781967
54,0.004136728515625,0.12661966681480408
126,0.009131728515625,0.1268656700849533
90,0.0016392285156250001,0.13634097576141357
18,0.006634228515625,0.11647544056177139
22,0.0013270410156250001,0.13042010366916656
95,0.006322041015625,0.12926480174064636
131,0.0038245410156250003,0.14217913150787354
58,0.008819541015625,0.12368172407150269
77,0.002575791015625,0.13721632957458496
149,0.007570791015625,0.13152840733528137
113,7.8291015625e-05,0.8490579724311829
40,0.005073291015625,0.12370053678750992
31,0.004448916015625,0.11676723510026932
104,0.009443916015625,0.12742573022842407
140,0.001951416015625,0.15892919898033142
68,0.006946416015625,0.12696701288223267
49,0.0007026660156250001,0.16207674145698547
122,0.005697666015625,0.13190917670726776
86,0.0032001660156250004,0.13052797317504883
13,0.008195166015625,0.11294053494930267
11,0.0011709472656250002,0.12678027153015137
83,0.006165947265625,0.12455756217241287
120,0.0036684472656250003,0.13236701488494873
47,0.008663447265625,0.11751295626163483
65,0.004917197265625,0.12768889963626862
138,0.009912197265625,0.12845227122306824
101,0.002419697265625,0.13677698373794556
29,0.007414697265625,0.12055021524429321
38,0.0030440722656250004,0.12602652609348297
111,0.008039072265625,0.128641739487648
147,0.000546572265625,0.2562190294265747
74,0.005541572265625,0.12768599390983582
56,0.001795322265625,0.1320555955171585
129,0.006790322265625,0.13088271021842957
92,0.004292822265625,0.1321123242378235
20,0.009287822265625,0.11424855887889862
15,0.003980634765624999,0.12025008350610733
88,0.008975634765625,0.1266833394765854
124,0.0014831347656250001,0.15552683174610138
52,0.006478134765625,0.12578344345092773
70,0.000234384765625,0.2574184834957123
142,0.005229384765625,0.13452135026454926
106,0.002731884765625,0.14504611492156982
34,0.007726884765625,0.12174093723297119
24,0.002107509765625,0.12755563855171204
97,0.007102509765625,0.1280066817998886
133,0.004605009765625,0.13280345499515533
61,0.009600009765625,0.12406427413225174
43,0.0033562597656250004,0.1278325766324997
115,0.008351259765625,0.1285720020532608
79,0.0008587597656250001,0.16148017346858978
6,0.005853759765625,0.110905721783638
6,0.004175751953125,0.11225054413080215
78,0.009170751953125,0.12592989206314087
115,0.0016782519531250001,0.1592734456062317
42,0.006673251953125,0.1242557018995285
60,0.00042950195312500003,0.19513262808322906
133,0.005424501953125,0.1329287737607956
96,0.002927001953125,0.1330214887857437
24,0.007922001953125,0.11639514565467834
33,0.0023026269531250003,0.12898646295070648
105,0.007297626953125,0.12926697731018066
142,0.004800126953125,0.134671151638031
69,0.009795126953125,0.12434475868940353
51,0.003551376953125,0.1291307806968689
124,0.008546376953125,0.1291208565235138
87,0.0010538769531250002,0.16515152156352997
15,0.006048876953125,0.1163250207901001
19,0.0007416894531250001,0.13437634706497192
92,0.005736689453125,0.12927332520484924
128,0.003239189453125,0.14039762318134308
56,0.008234189453125,0.12452053278684616
74,0.004487939453125,0.13034255802631378
146,0.009482939453125,0.12945981323719025
110,0.0019904394531250003,0.15332090854644775
37,0.006985439453125,0.12312912195920944
28,0.0026148144531250002,0.1272171586751938
101,0.007609814453125,0.12862259149551392
137,0.000117314453125,0.48785075545310974
65,0.005112314453125,0.12773020565509796
47,0.0013660644531250001,0.13978469371795654
119,0.006361064453125,0.12843908369541168
83,0.003863564453125,0.12934844195842743
10,0.008858564453125,0.11108369380235672
13,0.001834345703125,0.12497466057538986
85,0.006829345703125,0.12781454622745514
121,0.004331845703125,0.13539530336856842
49,0.009326845703125,0.11951930075883865
67,0.003083095703125,0.13346070051193237
139,0.008078095703125,0.13046936690807343
103,0.000585595703125,0.1687830239534378
31,0.005580595703125,0.11475367099046707
40,0.004956220703125,0.12263423949480057
112,0.009951220703125,0.12646453082561493
149,0.0024587207031250002,0.15600734949111938
76,0.007453720703125,0.1265549659729004
58,0.0012099707031250002,0.14239853620529175
130,0.006204970703125,0.13126955926418304
94,0.003707470703125,0.13349367678165436
22,0.008702470703125,0.11603491753339767
17,0.003395283203125,0.12256419658660889
90,0.008390283203125,0.12144401669502258
126,0.0008977832031250001,0.19198685884475708
53,0.005892783203125,0.12626473605632782
71,0.0021465332031250003,0.13912586867809296
144,0.007141533203125,0.12705795466899872
108,0.004644033203125,0.12839742004871368
35,0.009639033203125,0.11590760946273804
26,0.00027340820312500005,0.17943033576011658
99,0.005268408203125,0.13071195781230927
135,0.002770908203125,0.15206198394298553
62,0.007765908203125,0.11589767783880234
44,0.004019658203125,0.12680035829544067
117,0.009014658203125,0.12802661955356598
81,0.0015221582031250001,0.15160496532917023
8,0.006517158203125,0.11254346370697021
7,0.000507548828125,0.1286267638206482
79,0.005502548828125,0.1286015510559082
116,0.003005048828125,0.13984309136867523
43,0.008000048828125,0.12192532420158386
61,0.004253798828125,0.12912532687187195
134,0.009248798828125,0.1269451081752777
98,0.001756298828125,0.14854849874973297
25,0.006751298828125,0.12002374976873398
34,0.003629423828125,0.12686043977737427
107,0.008624423828125,0.12646566331386566
143,0.0011319238281250002,0.20930136740207672
70,0.006126923828125,0.11750160157680511
52,0.0023806738281250002,0.13282684981822968
125,0.007375673828125,0.1291416734457016
88,0.0048781738281249995,0.1304478943347931
16,0.009873173828125,0.11254749447107315
21,0.004565986328125,0.11930781602859497
93,0.009560986328125,0.1253732293844223
129,0.0020684863281250003,0.15207181870937347
57,0.007063486328125,0.120671346783638
75,0.0008197363281250001,0.18806496262550354
147,0.005814736328125,0.13417181372642517
111,0.003317236328125,0.1391071081161499
39,0.008312236328125,0.12207956612110138
30,0.0014441113281250001,0.13204044103622437
102,0.006439111328125,0.12898653745651245
138,0.003941611328125,0.1368608921766281
66,0.008936611328125,0.12526381015777588
48,0.002692861328125,0.1293279379606247
120,0.007687861328125,0.12510792911052704
84,0.000195361328125,0.31742191314697266
11,0.0051903613281249995,0.1156812459230423
9,0.002848955078125,0.1182888001203537
82,0.007843955078125001,0.12676511704921722
118,0.00035145507812500004,0.33002325892448425
45,0.005346455078125,0.12346688657999039
64,0.0016002050781250001,0.14025934040546417
136,0.006595205078125,0.1309671700000763
100,0.004097705078125,0.13207031786441803
27,0.009092705078125,0.1157970055937767
36,0.0009758300781250001,0.1455150991678238
109,0.005970830078125,0.13061846792697906
145,0.003473330078125,0.14394494891166687
73,0.008468330078125001,0.12604519724845886
54,0.0047220800781249996,0.12532423436641693
127,0.009717080078125,0.12156347930431366
91,0.0022245800781250003,0.14123861491680145
18,0.007219580078125,0.11570458859205246
14,0.001912392578125,0.12139289826154709
86,0.006907392578125,0.12591825425624847
122,0.004409892578125,0.1370106041431427
50,0.009404892578125,0.12102994322776794
68,0.003161142578125,0.1315961629152298
141,0.008156142578125001,0.12894682586193085
104,0.0006636425781250001,0.22599178552627563
32,0.005658642578125,0.12365752458572388
23,0.003785517578125,0.12232454866170883
95,0.008780517578125,0.12743963301181793
132,0.0012880175781250002,0.1714194416999817
59,0.006283017578125,0.126630038022995
41,3.9267578125e-05,0.7062749266624451
113,0.0050342675781249995,0.13066278398036957
77,0.0025367675781250002,0.13460609316825867
