77,0.005005,0.06774979829788208
113,0.0025075,0.07638907432556152
41,0.0075025000000000005,0.06719804555177689
59,0.0037562500000000005,0.06781759858131409
131,0.00875125,0.06801382452249527
95,0.00125875,0.08579622954130173
23,0.00625375,0.06699353456497192
32,0.003131875,0.06743908673524857
104,0.008126875,0.06792094558477402
140,0.0006343750000000001,0.11004387587308884
68,0.005629375,0.0676485076546669
50,0.0018831250000000003,0.07135991752147675
122,0.006878125,0.06857328861951828
86,0.004380625,0.06898927688598633
14,0.009375625,0.06617054343223572
18,0.0046928125,0.0671115443110466
91,0.0096878125,0.0673355758190155
127,0.0021953125,0.08369950205087662
54,0.0071903125,0.06719598919153214
72,0.0009465625000000001,0.07836112380027771
145,0.0059415625,0.06947743147611618
109,0.0034440625,0.07302100956439972
36,0.0084390625,0.06701673567295074
27,0.0015709375,0.06846769899129868
100,0.0065659375,0.06813627481460571
136,0.0040684375,0.07421638816595078
63,0.0090634375,0.06734134256839752
45,0.0028196875,0.06796730309724808
118,0.0078146875,0.06823202222585678
82,0.00032218750000000005,0.1473732888698578
9,0.0053171875,0.06646548956632614
11,0.00266359375,0.06712665408849716
84,0.0076585937500000005,0.06755819916725159
120,0.00016609375,0.1996839940547943
48,0.00516109375,0.06738018989562988
66,0.00141484375,0.07309828698635101
138,0.00640984375,0.06885303556919098
102,0.00391234375,0.07143976539373398
29,0.00890734375,0.0670088455080986
38,0.00079046875,0.07665959000587463
111,0.00578546875,0.06838202476501465
147,0.00328796875,0.08321598172187805
75,0.00828296875,0.06734801828861237
57,0.00453671875,0.06758870929479599
129,0.00953171875,0.06779669225215912
93,0.0020392187500000002,0.07658715546131134
20,0.00703421875,0.06700588017702103
16,0.00235140625,0.06723541021347046
88,0.00734640625,0.06762459129095078
125,0.00484890625,0.06888169050216675
52,0.00984390625,0.0672089233994484
70,0.00360015625,0.06900843232870102
143,0.00859515625,0.0680788978934288
106,0.0011026562500000001,0.10500959306955338
34,0.00609765625,0.0672755166888237
25,0.00422453125,0.06721576303243637
97,0.00921953125,0.06763297319412231
134,0.00172703125,0.08673335611820221
61,0.00672203125,0.0674997940659523
43,0.0004782812500000001,0.08388155698776245
116,0.00547328125,0.06885011494159698
79,0.00297578125,0.0708894357085228
7,0.00797078125,0.06654950231313705
8,0.003990390625,0.066598080098629
80,0.008985390625,0.06715540587902069
117,0.001492890625,0.08887311816215515
44,0.006487890625,0.06732399016618729
62,0.00024414062500000005,0.13302680850028992
135,0.005239140625,0.07017049938440323
99,0.002741640625,0.06977991759777069
26,0.007736640625,0.06703098118305206
35,0.0021172656250000002,0.06821104139089584
108,0.007112265625,0.06799662113189697
144,0.0046147656249999995,0.06954066455364227
71,0.009609765625,0.06745756417512894
53,0.003366015625,0.0680256336927414
126,0.008361015625,0.06793408840894699
89,0.000868515625,0.10967635363340378
17,0.005863515625,0.06698565930128098
21,0.0011807031250000001,0.06812045723199844
94,0.006175703125,0.0679532140493393
130,0.003678203125,0.07582202553749084
58,0.008673203125,0.06735289096832275
76,0.0049269531249999995,0.06805165112018585
148,0.009921953125,0.06787779927253723
112,0.002429453125,0.07376162707805634
40,0.007424453125,0.0670713260769844
31,0.003053828125,0.06726068258285522
103,0.008048828125,0.0675153061747551
139,0.0005563281250000001,0.11430603265762329
67,0.005551328125,0.06768258661031723
49,0.001805078125,0.07152029126882553
121,0.006800078125,0.06813007593154907
85,0.0043025781249999995,0.06923680007457733
12,0.009297578125,0.0663202553987503
10,0.001336796875,0.06722331047058105
83,0.006331796875,0.06790139526128769
119,0.0038342968750000005,0.07117118686437607
46,0.008829296875,0.06680222600698471
65,0.002585546875,0.07031714171171188
137,0.007580546875,0.06854010373353958
101,8.8046875e-05,0.45529860258102417
28,0.005083046875,0.06724375486373901
37,0.0044586718749999995,0.06739018112421036
110,0.009453671875,0.06759808212518692
146,0.0019611718750000002,0.08214990794658661
74,0.006956171875,0.06767406314611435
55,0.0007124218750000001,0.0855010375380516
128,0.005707421875,0.0695093497633934
92,0.003209921875,0.07240141928195953
19,0.008204921875,0.06667967140674591
15,0.003522109375,0.06717315316200256
87,0.008517109375,0.06746966391801834
123,0.0010246093750000001,0.09382881969213486
51,0.006019609375,0.06735734641551971
69,0.002273359375,0.07039923965930939
142,0.007268359375,0.06836669147014618
105,0.0047708593749999995,0.06891512870788574
33,0.009765859375,0.06700772792100906
24,0.00040023437500000004,0.08324575424194336
96,0.005395234375,0.06787732243537903
133,0.002897734375,0.08221527934074402
60,0.007892734375,0.06718065589666367
42,0.0041464843749999996,0.06750582903623581
114,0.009141484375,0.06745858490467072
78,0.001648984375,0.07127122581005096
6,0.006643984375,0.06643252819776535
6,0.0033269921875000003,0.06660079210996628
79,0.0083219921875,0.06758050620555878
115,0.0008294921875,0.08560986816883087
42,0.0058244921875,0.06728915870189667
61,0.0020782421875,0.06972600519657135
133,0.0070732421875,0.06911217421293259
97,0.0045757421875,0.06981898844242096
24,0.0095707421875,0.06688681244850159
33,0.0002051171875,0.0909816101193428
106,0.0052001171875,0.06850925087928772
142,0.0027026171875000004,0.07948422431945801
70,0.0076976171875,0.06709449738264084
52,0.0039513671875,0.0677035003900528
124,0.0089463671875,0.06802819669246674
88,0.0014538671875,0.08792458474636078
15,0.0064488671875,0.06694608181715012
20,0.0017660546875,0.0676221176981926
92,0.0067610546875,0.06781099736690521
129,0.0042635546875,0.07324071228504181
56,0.0092585546875,0.06732629984617233
74,0.0030148046875000003,0.07094106078147888
147,0.0080098046875,0.06822554767131805
110,0.0005173046875000001,0.10042598098516464
38,0.0055123046875,0.06710038334131241
29,0.0048879296875,0.06720470637083054
101,0.0098829296875,0.06760336458683014
138,0.0023904296875,0.07596202194690704
65,0.0073854296875,0.06753374636173248
47,0.0011416796875000001,0.07112975418567657
119,0.0061366796874999996,0.0685499832034111
83,0.0036391796875000003,0.06970790028572083
11,0.0086341796875,0.06629036366939545
13,0.0006733984375000001,0.06828796863555908
85,0.0056683984375,0.06824825704097748
122,0.0031708984375000003,0.07091855257749557
49,0.0081658984375,0.06724157929420471
67,0.0044196484375,0.06787870824337006
140,0.009414648437500001,0.06798657774925232
104,0.0019221484375000002,0.08445833623409271
31,0.0069171484375,0.06700476258993149
40,0.0025465234375000004,0.0678742378950119
113,0.0075415234375,0.06821799278259277
149,4.90234375e-05,0.7306321263313293
76,0.0050440234375,0.06788142770528793
58,0.0012977734375,0.077670618891716
131,0.0062927734375,0.06881538033485413
95,0.0037952734375000003,0.07069364190101624
22,0.008790273437500001,0.0670207142829895
18,0.0041074609375,0.06718362867832184
90,0.009102460937500001,0.0675017312169075
126,0.0016099609375,0.0850655660033226
54,0.0066049609375,0.067327119410038
72,0.00036121093750000004,0.10929529368877411
144,0.0053562109375,0.07085446268320084
108,0.0028587109375000004,0.07261965423822403
36,0.0078537109375,0.06705651432275772
27,0.0022343359375,0.06765749305486679
99,0.0072293359375,0.06794409453868866
135,0.0047318359375,0.07013306021690369
63,0.009726835937500001,0.067292220890522
45,0.0034830859375000003,0.06784017384052277
117,0.0084780859375,0.06773143261671066
81,0.0009855859375000001,0.08698337525129318
8,0.0059805859375,0.06637144833803177
7,0.0020001953125,0.06712763756513596
80,0.0069951953125,0.06754260510206223
116,0.0044976953125,0.07077832520008087
44,0.0094926953125,0.06708265841007233
62,0.0032489453125000003,0.06839456409215927
134,0.0082439453125,0.06801390647888184
98,0.0007514453125,0.10158347338438034
25,0.0057464453125,0.06718633323907852
35,0.0038733203125000002,0.06721802800893784
107,0.0088683203125,0.06774649769067764
143,0.0013758203125,0.08686218410730362
71,0.0063708203125,0.06765063852071762
53,0.0001270703125,0.15402650833129883
125,0.0051220703125,0.07026568800210953
89,0.0026245703125000004,0.07411005347967148
16,0.0076195703125,0.06671267747879028
21,0.0029367578125000003,0.06725454330444336
93,0.0079317578125,0.06767133623361588
130,0.00043925781250000003,0.15315671265125275
57,0.0054342578125,0.06737124919891357
75,0.0016880078125,0.08350258320569992
148,0.0066830078125,0.06882268190383911
112,0.0041855078125,0.07137858122587204
39,0.0091805078125,0.06710357964038849
30,0.0010636328125000001,0.06955801695585251
102,0.0060586328125,0.06826801598072052
139,0.0035611328125000003,0.07787823677062988
66,0.0085561328125,0.0673283040523529
48,0.0048098828125,0.06744354963302612
121,0.0098048828125,0.06774619966745377
84,0.0023123828125,0.0766858235001564
12,0.0073073828125,0.06650044023990631
10,0.0046537890625,0.06683585792779922
82,0.0096487890625,0.06751738488674164
118,0.0021562890625,0.08872437477111816
46,0.0071512890625,0.0669606551527977
64,0.0009075390625,0.08698350936174393
136,0.0059025390625,0.06857322156429291
100,0.0034050390625000003,0.07231458276510239
28,0.0084000390625,0.06702691316604614
37,0.0015319140625,0.06870780140161514
109,0.0065269140625,0.06834918260574341
146,0.0040294140625,0.07382161170244217
73,0.0090244140625,0.06742465496063232
55,0.0027806640625000004,0.06843294203281403
127,0.0077756640625,0.06859847158193588
91,0.00028316406250000005,0.13047046959400177
19,0.0052781640625,0.06698960065841675
14,0.0005953515625000001,0.0702383741736412
87,0.0055903515625,0.06791480630636215
123,0.0030928515625000003,0.07335706800222397
50,0.0080878515625,0.06727318465709686
69,0.0043416015625,0.06802207231521606
141,0.0093366015625,0.06784974038600922
105,0.0018441015625,0.08745434880256653
32,0.0068391015625,0.06715565919876099
23,0.0037172265625000003,0.06720901280641556
96,0.0087122265625,0.06756240129470825
132,0.0012197265625,0.0875411108136177
59,0.0062147265625,0.06748289614915848
41,0.0024684765625,0.06810323894023895
114,0.0074634765625,0.06758294254541397
78,0.0049659765625,0.0682007223367691
5,0.0099609765625,0.06669370830059052
5,0.00498548828125,0.06640960276126862
78,0.00998048828125,0.06727162003517151
114,0.0024879882812500003,0.07830069959163666
42,0.00748298828125,0.06719201058149338
60,0.00123923828125,0.08077866584062576
132,0.00623423828125,0.06994613260030746
96,0.00373673828125,0.06903742998838425
23,0.00873173828125,0.06679227948188782
33,0.0018636132812500001,0.06852244585752487
105,0.00685861328125,0.0681612640619278
141,0.00436111328125,0.07300220429897308
69,0.00935611328125,0.06741126626729965
51,0.0031123632812500002,0.06822976469993591
123,0.00810736328125,0.06799020618200302
87,0.0006148632812500001,0.13107891380786896
14,0.0056098632812499995,0.06681723892688751
19,0.00030267578125000005,0.08106595277786255
91,0.0052976757812499995,0.06810438632965088
128,0.0028001757812500003,0.0734216645359993
55,0.00779517578125,0.06734202057123184
73,0.00404892578125,0.06823258846998215
146,0.00904392578125,0.06830742210149765
110,0.0015514257812500002,0.08123371750116348
37,0.00654642578125,0.06728314608335495
28,0.00342455078125,0.0673687607049942
101,0.00841955078125,0.0677638128399849
137,0.00092705078125,0.08464857190847397
64,0.00592205078125,0.06750177592039108
46,0.0021758007812500003,0.06902828067541122
119,0.00717080078125,0.0681307464838028
82,0.00467330078125,0.06862405687570572
10,0.00966830078125,0.0665060505270958
12,0.0023318945312500003,0.06717931479215622
85,0.00732689453125,0.06773439794778824
121,0.00482939453125,0.06969290971755981
48,0.00982439453125,0.06696975231170654
67,0.00358064453125,0.06857176870107651
139,0.008575644531250001,0.06805175542831421
103,0.00108314453125,0.10184136033058167
30,0.00607814453125,0.06719915568828583
39,0.00420501953125,0.06743979454040527
112,0.00920001953125,0.06773864477872849
148,0.0017075195312500002,0.08328163623809814
76,0.00670251953125,0.06766580045223236
57,0.00045876953125000003,0.11230882257223129
130,0.0054537695312499995,0.07054857164621353
94,0.0029562695312500002,0.07505808025598526
21,0.00795126953125,0.06671033799648285
17,0.0026440820312500003,0.0672290027141571
89,0.00763908203125,0.06771305203437805
125,0.00014658203125,0.3258986175060272
53,0.0051415820312499996,0.06741632521152496
71,0.0013953320312500002,0.07700049132108688
144,0.00639033203125,0.06984106451272964
107,0.00389283203125,0.07039803266525269
35,0.008887832031250001,0.06713276356458664
26,0.00077095703125,0.07056746631860733
98,0.00576595703125,0.06815218180418015
134,0.00326845703125,0.07792015373706818
62,0.008263457031250001,0.06705258041620255
44,0.00451720703125,0.06752610206604004
116,0.00951220703125,0.0677528902888298
80,0.0020197070312500003,0.07213746011257172
8,0.00701470703125,0.06641390919685364
9,0.00100509765625,0.06733499467372894
81,0.00600009765625,0.0678652748465538
117,0.00350259765625,0.07359010726213455
45,0.00849759765625,0.06705949455499649
63,0.00475134765625,0.06773694604635239
136,0.00974634765625,0.06796562671661377
99,0.0022538476562500003,0.07519852370023727
27,0.00724884765625,0.06704676151275635
36,0.0028782226562500002,0.06778056174516678
108,0.00787322265625,0.06790320575237274
145,0.00038072265625000004,0.16557762026786804
72,0.00537572265625,0.06802159547805786
54,0.0016294726562500002,0.07146826386451721
127,0.00662447265625,0.06926022469997406
90,0.00412697265625,0.06955282390117645
18,0.00912197265625,0.06680551171302795
22,0.00381478515625,0.06721992045640945
95,0.00880978515625,0.06762935221195221
131,0.0013172851562500002,0.10178515315055847
59,0.00631228515625,0.06748009473085403
77,6.853515625e-05,0.3446758985519409
149,0.00506353515625,0.07183670252561569
113,0.0025660351562500003,0.07103244960308075
40,0.00756103515625,0.06706869602203369
31,0.0019416601562500001,0.06830671429634094
104,0.00693666015625,0.06828131526708603
140,0.00443916015625,0.07206398993730545
68,0.00943416015625,0.06732390820980072
50,0.00319041015625,0.06817900389432907
122,0.00818541015625,0.06802961975336075
86,0.0006929101562500001,0.10807336866855621
13,0.00568791015625,0.06670050323009491
11,0.00365869140625,0.06702384352684021
84,0.00865369140625,0.06745223701000214
120,0.00116119140625,0.0921579971909523
47,0.00615619140625,0.06709121912717819
65,0.0024099414062500003,0.07022256404161453
138,0.00740494140625,0.06853356957435608
102,0.00490744140625,0.06875400990247726
29,0.00990244140625,0.06696529686450958
38,0.0005368164062500001,0.08418435603380203
111,0.00553181640625,0.06911394745111465
147,0.0030343164062500002,0.07859467715024948
74,0.00802931640625,0.06755229830741882
56,0.00428306640625,0.06771031767129898
129,0.00927806640625,0.06790933012962341
93,0.0017855664062500002,0.07606925815343857
20,0.00678056640625,0.06701413542032242
16,0.0014733789062500002,0.06746778637170792
88,0.00646837890625,0.0680268257856369
124,0.00397087890625,0.07214401662349701
52,0.00896587890625,0.0672929584980011
70,0.0027221289062500003,0.06933454424142838
142,0.00771712890625,0.06886699050664902
106,0.00022462890625,0.2115866094827652
34,0.00521962890625,0.06728563457727432
25,0.00459525390625,0.06720202416181564
97,0.00959025390625,0.06744828820228577
133,0.0020977539062500003,0.07802893221378326
61,0.00709275390625,0.06749152392148972
43,0.00084900390625,0.08187413215637207
115,0.00584400390625,0.06879466027021408
79,0.00334650390625,0.06953728944063187
6,0.00834150390625,0.06643892079591751
6,0.0016684960937500002,0.06709437072277069
78,0.00666349609375,0.06763222068548203
115,0.00416599609375,0.07079990953207016
42,0.00916099609375,0.06714637577533722
60,0.00291724609375,0.06920934468507767
133,0.00791224609375,0.06824222207069397
97,0.00041974609375000003,0.10632162541151047
24,0.00541474609375,0.06716488301753998
33,0.00479037109375,0.06726260483264923
106,0.00978537109375,0.06767059117555618
142,0.00229287109375,0.08528655022382736
69,0.00728787109375,0.06751227378845215
51,0.00104412109375,0.08084355294704437
124,0.00603912109375,0.06975918263196945
87,0.0035416210937500004,0.06979012489318848
15,0.00853662109375,0.0665956661105156
20,0.0032294335937500004,0.06723335385322571
92,0.00822443359375,0.06770080327987671
128,0.00073193359375,0.13373415172100067
56,0.00572693359375,0.06748755276203156
74,0.00198068359375,0.07201304286718369
146,0.0069756835937500004,0.06991931796073914
110,0.00447818359375,0.07012231647968292
38,0.00947318359375,0.06703286617994308
29,0.00010755859375,0.16902604699134827
101,0.00510255859375,0.06886318325996399
137,0.00260505859375,0.0747569277882576
65,0.00760005859375,0.06749682873487473
47,0.0038538085937500004,0.06766476482152939
119,0.00884880859375,0.06781323254108429
83,0.0013563085937500002,0.08501669764518738
10,0.00635130859375,0.06647040694952011
13,0.00432208984375,0.06701276451349258
85,0.00931708984375,0.06753675639629364
121,0.0018245898437500001,0.07648932933807373
49,0.00681958984375,0.06735634803771973
67,0.0005758398437500001,0.10242471843957901
140,0.00557083984375,0.06958932429552078
103,0.00307333984375,0.07162483036518097
31,0.00806833984375,0.067051000893116
40,0.00244896484375,0.06814105808734894
112,0.00744396484375,0.06801319122314453
149,0.00494646484375,0.07088541984558105
76,0.009941464843750001,0.06746697425842285
58,0.0036977148437500004,0.06802698224782944
131,0.00869271484375,0.06814499944448471
94,0.00120021484375,0.08870746940374374
22,0.00619521484375,0.06708769500255585
17,0.00088802734375,0.06855620443820953
90,0.00588302734375,0.0681426078081131
126,0.0033855273437500004,0.07290566712617874
53,0.00838052734375,0.06728949397802353
72,0.00463427734375,0.06800376623868942
144,0.009629277343750001,0.06812778860330582
108,0.00213677734375,0.08103673905134201
35,0.00713177734375,0.06706380844116211
26,0.00276115234375,0.0674467608332634
99,0.00775615234375,0.0677068680524826
135,0.00026365234375000005,0.18406210839748383
63,0.00525865234375,0.06768830120563507
44,0.0015124023437500002,0.07046592980623245
117,0.00650740234375,0.06825654208660126
81,0.00400990234375,0.06952973455190659
8,0.00900490234375,0.06652500480413437
7,0.00299529296875,0.06693989783525467
80,0.00799029296875,0.0674927607178688
116,0.0004977929687500001,0.11616305261850357
43,0.00549279296875,0.06742863357067108
61,0.0017465429687500002,0.07242811471223831
134,0.00674154296875,0.06900198012590408
98,0.0042440429687499994,0.06999289989471436
25,0.00923904296875,0.06688734143972397
34,0.00112216796875,0.07119912654161453
107,0.00611716796875,0.06803501397371292
143,0.0036196679687500004,0.07885483652353287
70,0.00861466796875,0.06703203171491623
52,0.00486841796875,0.06754757463932037
125,0.00986341796875,0.06791024655103683
89,0.00237091796875,0.07334323227405548
16,0.00736591796875,0.06675735116004944
21,0.00205873046875,0.06744778901338577
93,0.00705373046875,0.06785164028406143
129,0.00455623046875,0.07226958125829697
57,0.00955123046875,0.0670504942536354
75,0.0033074804687500004,0.07053744047880173
148,0.00830248046875,0.06865981221199036
111,0.00080998046875,0.10686533153057098
39,0.00580498046875,0.06726513057947159
30,0.0039318554687499995,0.06737032532691956
102,0.00892685546875,0.06769762188196182
138,0.0014343554687500002,0.09392266720533371
66,0.00642935546875,0.067497119307518
48,0.00018560546875,0.1123088076710701
120,0.00518060546875,0.069999560713768
84,0.00268310546875,0.07334379851818085
12,0.00767810546875,0.06644775718450546
9,0.00034169921875000004,0.07005995512008667
82,0.00533669921875,0.06802897900342941
118,0.00283919921875,0.07186469435691833
46,0.00783419921875,0.0668850764632225
64,0.0040879492187499995,0.06834965944290161
136,0.00908294921875,0.06804217398166656
100,0.0015904492187500002,0.08671288192272186
27,0.00658544921875,0.0671020969748497
37,0.0034635742187500004,0.06766234338283539
109,0.00845857421875,0.06777603924274445
145,0.0009660742187500001,0.09298601001501083
73,0.00596107421875,0.06773582845926285
55,0.00221482421875,0.07168552279472351
127,0.00720982421875,0.06880506128072739
91,0.00471232421875,0.06856682896614075
18,0.00970732421875,0.06672975420951843
14,0.00440013671875,0.0671108216047287
86,0.00939513671875,0.06762825697660446
123,0.0019026367187500001,0.07939255982637405
50,0.00689763671875,0.06738981604576111
68,0.0006538867187500001,0.08617033064365387
141,0.00564888671875,0.07014543563127518
104,0.0031513867187500004,0.07166832685470581
32,0.00814638671875,0.067123644053936
23,0.0012782617187500002,0.0678093209862709
95,0.00627326171875,0.06810431182384491
132,0.0037757617187500004,0.07427399605512619
59,0.00877076171875,0.06735940277576447
41,0.00252701171875,0.06824138760566711
114,0.00752201171875,0.06782536953687668
77,2.9511718750000004e-05,0.6318254470825195
5,0.00502451171875,0.06642376631498337
5,0.0025172558593750003,0.06666876375675201
77,0.007512255859375,0.06738046556711197
114,1.9755859375e-05,1.059510350227356
41,0.005014755859375,0.06733264029026031
59,0.001268505859375,0.07341576367616653
132,0.006263505859375,0.06849024444818497
96,0.003766005859375,0.07024843245744705
23,0.008761005859375,0.0667901262640953
32,0.0006441308593750001,0.08138638734817505
105,0.005639130859375,0.06894280016422272
141,0.0031416308593750003,0.07899001985788345
68,0.008136630859375,0.06736785918474197
50,0.004390380859375,0.06764062494039536
123,0.009385380859375,0.06781572848558426
86,0.0018928808593750002,0.07413969188928604
14,0.006887880859375,0.06653476506471634
19,0.0022050683593750004,0.06729604303836823
91,0.007200068359375,0.06776197999715805
127,0.004702568359375,0.07151911407709122
55,0.009697568359375,0.06719011068344116
73,0.0034538183593750002,0.06844352185726166
145,0.008448818359375,0.06819676607847214
109,0.0009563183593750001,0.08942073583602905
37,0.005951318359375,0.06729904562234879
28,0.004078193359375,0.06728816032409668
100,0.009073193359375,0.06764214485883713
136,0.0015806933593750002,0.0862276554107666
64,0.006575693359375,0.06739542633295059
46,0.00033194335937500004,0.11395617574453354
118,0.005326943359375,0.0687970221042633
82,0.0028294433593750003,0.07239942997694016
9,0.007824443359375,0.06629772484302521
12,0.000175849609375,0.09029139578342438
84,0.005170849609375,0.06823191791772842
120,0.0026733496093750003,0.07819431275129318
48,0.007668349609375,0.06711467355489731
66,0.003922099609375,0.06827428936958313
139,0.008917099609375,0.06778126955032349
102,0.001424599609375,0.09393023699522018
30,0.006419599609375,0.06717535108327866
39,0.0032977246093750003,0.06760022044181824
111,0.008292724609375,0.06780897825956345
148,0.0008002246093750001,0.12297264486551285
75,0.005795224609375,0.06773640215396881
57,0.002048974609375,0.07174452394247055
130,0.007043974609375,0.06837669014930725
93,0.004546474609375,0.06828216463327408
21,0.009541474609375,0.06657260656356812
16,0.004858662109375,0.06702543795108795
89,0.009853662109375,0.06752234697341919
125,0.0023611621093750004,0.07691981643438339
53,0.007356162109375,0.06731859594583511
71,0.001112412109375,0.08118096739053726
143,0.006107412109375,0.06908062100410461
107,0.0036099121093750002,0.07138562947511673
34,0.008604912109375,0.06710181385278702
25,0.0017367871093750002,0.06796806305646896
98,0.006731787109375,0.06790193170309067
134,0.004234287109375,0.07116691768169403
62,0.009229287109375,0.06704244762659073
43,0.0029855371093750003,0.06811501085758209
116,0.007980537109375,0.06805907934904099
80,0.0004880371093750001,0.10927542299032211
7,0.005483037109375,0.06635516881942749
8,0.001502646484375,0.0671456903219223
81,0.006497646484375,0.0676465854048729
117,0.004000146484375,0.07073591649532318
45,0.008995146484375001,0.0670299232006073
63,0.0027513964843750003,0.07049956917762756
135,0.007746396484375,0.06867646425962448
99,0.00025389648437500005,0.16739097237586975
26,0.005248896484375,0.06721487641334534
36,0.004624521484375,0.0673937201499939
108,0.009619521484375,0.06732436269521713
144,0.002127021484375,0.07841891795396805
72,0.007122021484375,0.06749369949102402
54,0.0008782714843750001,0.07951579988002777
126,0.0058732714843749995,0.06910794973373413
90,0.0033757714843750002,0.07009558379650116
17,0.008370771484375,0.06656239181756973
22,0.003687958984375,0.06722915917634964
94,0.008682958984375001,0.06737589091062546
131,0.001190458984375,0.09158044308423996
58,0.006185458984375,0.06749096512794495
76,0.0024392089843750004,0.07216330617666245
149,0.007434208984375,0.06879276782274246
113,0.004936708984375,0.06933028995990753
40,0.009931708984375,0.06689098477363586
31,0.000566083984375,0.07718341797590256
103,0.005561083984375,0.0687948688864708
140,0.0030635839843750003,0.07924366742372513
67,0.008058583984375,0.06744105368852615
49,0.004312333984375,0.06758489459753036
122,0.009307333984375001,0.06796558946371078
85,0.0018148339843750002,0.07846054434776306
13,0.006809833984375,0.06648453325033188
11,0.003844052734375,0.06700024753808975
83,0.008839052734375,0.06722204387187958
119,0.001346552734375,0.08370063453912735
47,0.006341552734375,0.06709905713796616
65,9.7802734375e-05,0.22027036547660828
137,0.005092802734375,0.06926184892654419
101,0.0025953027343750003,0.07654986530542374
29,0.007590302734375,0.0670948177576065
38,0.001970927734375,0.06860563904047012
110,0.006965927734375,0.06798121333122253
147,0.004468427734375,0.0712927058339119
74,0.009463427734375,0.06740956753492355
56,0.0032196777343750003,0.06858007609844208
128,0.008214677734375,0.06778977811336517
92,0.0007221777343750001,0.09834598749876022
20,0.0057171777343749995,0.06707719713449478
15,0.001034365234375,0.06802797317504883
88,0.006029365234375,0.06791090965270996
124,0.0035318652343750002,0.0715998038649559
51,0.008526865234375,0.06721237301826477
69,0.004780615234375,0.06797122955322266
142,0.009775615234375,0.06816772371530533
106,0.0022831152343750004,0.07838717103004456
33,0.007278115234375,0.06715136766433716
24,0.0029074902343750003,0.06737036257982254
97,0.007902490234375,0.06760235875844955
133,0.00040999023437500004,0.13857384026050568
60,0.005404990234375,0.067661352455616
42,0.0016587402343750002,0.06963591277599335
115,0.006653740234375,0.06818617880344391
79,0.004156240234375,0.0687522292137146
6,0.009151240234375,0.06651654094457626
7,0.0008392480468750001,0.06728318333625793
79,0.005834248046875,0.06786235421895981
115,0.003336748046875,0.075252965092659
43,0.008331748046875,0.06713760644197464
61,0.004585498046875,0.06782563030719757
133,0.009580498046875,0.06802081316709518
97,0.002087998046875,0.07769624143838882
25,0.007082998046875,0.06706725060939789
34,0.002712373046875,0.06780097633600235
106,0.007707373046875,0.06779878586530685
143,0.000214873046875,0.2264389544725418
70,0.005209873046875,0.06753040105104446
52,0.001463623046875,0.07517915219068527
124,0.006458623046875,0.06886675953865051
88,0.003961123046875,0.07009264826774597
16,0.008956123046875,0.06652595102787018
20,0.004273310546875,0.06717833131551743
93,0.009268310546875,0.06752604991197586
129,0.0017758105468750002,0.08514446765184402
56,0.006770810546875,0.06742389500141144
75,0.000527060546875,0.09002538025379181
147,0.005522060546875,0.07141672819852829
111,0.003024560546875,0.07808845490217209
38,0.008019560546875,0.06700604408979416
29,0.002400185546875,0.06765935570001602
102,0.0073951855468750004,0.06803195178508759
138,0.004897685546875,0.07253127545118332
66,0.009892685546875,0.06727561354637146
47,0.0036489355468750004,0.06779006868600845
120,0.008643935546875,0.06804634630680084
84,0.001151435546875,0.09528261423110962
11,0.006146435546875,0.06653093546628952
13,0.003180654296875,0.06714841723442078
86,0.008175654296875,0.06775050610303879
122,0.0006831542968750001,0.10599394142627716
50,0.005678154296875,0.06749439239501953
68,0.0019319042968750002,0.07361435145139694
140,0.006926904296875,0.06942903995513916
104,0.004429404296875,0.06995027512311935
32,0.009424404296875,0.06704512983560562
41,5.8779296875e-05,0.2529132068157196
113,0.005053779296875,0.06969573348760605
149,0.002556279296875,0.07993876188993454
77,0.007551279296875,0.06758340448141098
59,0.0038050292968750004,0.06795869767665863
131,0.008800029296875,0.06817419081926346
95,0.001307529296875,0.08511090278625488
22,0.006302529296875,0.06708045303821564
18,0.0016197167968750002,0.06756602227687836
90,0.006614716796875,0.06766162067651749
127,0.004117216796875,0.07147913426160812
54,0.009112216796875,0.06700005382299423
72,0.002868466796875,0.06987115740776062
145,0.007863466796875,0.06861460953950882
109,0.00037096679687500004,0.15014955401420593
36,0.005365966796875,0.06728921830654144
27,0.004741591796875,0.06724651157855988
100,0.009736591796875001,0.06738696992397308
136,0.002244091796875,0.0812445878982544
63,0.0072390917968750005,0.06746216863393784
45,0.000995341796875,0.07763363420963287
118,0.005990341796875,0.06855860352516174
81,0.0034928417968750004,0.06939122080802917
9,0.008487841796875,0.06638540327548981
8,0.0045074511718749995,0.06646779179573059
80,0.009502451171875,0.06721507012844086
117,0.002009951171875,0.07945277541875839
44,0.007004951171875,0.06725554913282394
62,0.0007612011718750001,0.09542062878608704
135,0.005756201171875,0.06905163079500198
98,0.003258701171875,0.07321327924728394
26,0.008253701171875,0.06700712442398071
35,0.001385576171875,0.07009617984294891
107,0.006380576171875,0.06833289563655853
144,0.0038830761718750004,0.07539492100477219
71,0.008878076171875,0.06748008728027344
53,0.002634326171875,0.06829886138439178
126,0.007629326171875,0.06817091256380081
89,0.000136826171875,0.28539368510246277
17,0.005131826171875,0.06703470647335052
21,0.00044901367187500003,0.07219955325126648
94,0.005444013671875,0.0686105340719223
130,0.002946513671875,0.07709390670061111
58,0.007941513671875,0.06738738715648651
76,0.0041952636718749995,0.06830946356058121
148,0.009190263671875,0.06825895607471466
112,0.0016977636718750002,0.0849360004067421
39,0.006692763671875,0.06722083687782288
30,0.0035708886718750004,0.06741216033697128
103,0.008565888671875,0.06753959506750107
139,0.001073388671875,0.09295500814914703
67,0.006068388671875,0.06756406277418137
49,0.002322138671875,0.06856390833854675
121,0.007317138671875,0.06803733855485916
85,0.004819638671875,0.06875943392515182
12,0.009814638671875,0.06631708890199661
10,0.002166044921875,0.06709859520196915
83,0.007161044921875,0.06776431947946548
119,0.0046635449218749995,0.07013697177171707
46,0.009658544921875,0.06674538552761078
64,0.003414794921875,0.06789492815732956
137,0.008409794921875,0.068491630256176
101,0.0009172949218750001,0.10253368318080902
28,0.005912294921875,0.06721176207065582
37,0.0040391699218749995,0.06746277958154678
110,0.009034169921875,0.06754521280527115
146,0.001541669921875,0.1013503298163414
73,0.006536669921875,0.06763491034507751
55,0.00029291992187500005,0.11128845065832138
128,0.005287919921875,0.06916403025388718
92,0.002790419921875,0.07000632584095001
19,0.007785419921875,0.06674516946077347
15,0.003102607421875,0.06717201322317123
87,0.008097607421875,0.06739796698093414
123,0.000605107421875,0.1304478794336319
51,0.005600107421875,0.0674462616443634
69,0.0018538574218750002,0.0704907700419426
141,0.006848857421875,0.06865056604146957
105,0.0043513574218749995,0.07045452296733856
33,0.009346357421875,0.06703082472085953
24,0.001229482421875,0.06871908903121948
96,0.006224482421875,0.06766288727521896
132,0.0037269824218750004,0.0763121023774147
60,0.008721982421875,0.06710082292556763
42,0.004975732421875,0.06736822426319122
114,0.009970732421875,0.06724876910448074
78,0.002478232421875,0.07084183394908905
5,0.007473232421875,0.06650127470493317
5,0.002497744140625,0.06667911261320114
78,0.007492744140625,0.06749331951141357
114,0.004995244140625,0.0695134699344635
41,0.009990244140625,0.06717387586832047
60,0.0037464941406250003,0.06791650503873825
132,0.008741494140625,0.06825877726078033
96,0.0012489941406250002,0.08379927277565002
23,0.006243994140625,0.06699386239051819
32,0.004370869140625,0.06727229058742523
105,0.009365869140625,0.06755300611257553
141,0.001873369140625,0.09177052229642868
69,0.006868369140625,0.06753277778625488
51,0.000624619140625,0.08182402700185776
123,0.005619619140625,0.06872593611478806
87,0.0031221191406250004,0.06973609328269958
14,0.008117119140625,0.0663125067949295
19,0.002809931640625,0.06718458980321884
91,0.007804931640625,0.0676337480545044
128,0.00031243164062500005,0.20190483331680298
55,0.005307431640625,0.06762895733118057
73,0.0015611816406250001,0.07904140651226044
146,0.0065561816406249996,0.06913669407367706
109,0.004058681640625,0.06991225481033325
37,0.009053681640625,0.06706181168556213
28,0.0009368066406250001,0.06916972994804382
100,0.005931806640625,0.06829272955656052
137,0.0034343066406250003,0.07353031635284424
64,0.008429306640625,0.06730407476425171
46,0.004683056640625,0.06741313636302948
118,0.009678056640625,0.06786385178565979
82,0.002185556640625,0.0699220672249794
10,0.007180556640625,0.06637482345104218
12,0.004839150390625,0.06699895858764648
85,0.009834150390625001,0.06753597408533096
121,0.002341650390625,0.08161813765764236
48,0.007336650390625,0.06716110557317734
66,0.0010929003906250002,0.09114000201225281
139,0.006087900390625,0.06960707157850266
103,0.0035904003906250003,0.07048329710960388
30,0.008585400390625,0.06702996045351028
39,0.001717275390625,0.0694388672709465
112,0.006712275390625,0.06878553330898285
148,0.004214775390625,0.07144703716039658
75,0.009209775390625001,0.0673150047659874
57,0.0029660253906250004,0.06914506107568741
130,0.007961025390625,0.06830330193042755
94,0.00046852539062500003,0.09756128489971161
21,0.005463525390625,0.06696860492229462
17,0.000156337890625,0.09751548618078232
89,0.005151337890625,0.06852955371141434
125,0.002653837890625,0.07742299139499664
53,0.007648837890625,0.06730517745018005
71,0.0039025878906250003,0.06870760023593903
143,0.008897587890625,0.06812923401594162
107,0.0014050878906250001,0.0858241468667984
35,0.006400087890625,0.06705076992511749
26,0.0032782128906250004,0.0673394426703453
98,0.008273212890625,0.06771974265575409
134,0.0007807128906250001,0.09940230846405029
62,0.005775712890625,0.0672941729426384
44,0.002029462890625,0.06940510123968124
116,0.007024462890625,0.0683000385761261
80,0.004526962890625,0.06814306974411011
7,0.009521962890625001,0.06660113483667374
9,0.0035123535156250003,0.06697589159011841
81,0.008507353515625,0.06735754758119583
117,0.0010148535156250002,0.0938681960105896
45,0.006009853515625,0.06726536154747009
63,0.002263603515625,0.07105319947004318
135,0.007258603515625,0.0678633600473404
99,0.004761103515625,0.06914157420396805
27,0.009756103515625,0.0668533518910408
36,0.00039047851562500004,0.08244884759187698
108,0.005385478515625,0.06891054660081863
145,0.0028879785156250004,0.07375797629356384
72,0.007882978515625,0.06727760285139084
54,0.004136728515625,0.06792985647916794
126,0.009131728515625,0.06787655502557755
90,0.0016392285156250001,0.07316314429044724
18,0.006634228515625,0.0669877827167511
22,0.0013270410156250001,0.06776508688926697
95,0.006322041015625,0.06825143098831177
131,0.0038245410156250003,0.07256592065095901
58,0.008819541015625,0.06731895357370377
77,0.002575791015625,0.07213081419467926
149,0.007570791015625,0.0690847635269165
113,7.8291015625e-05,0.4736885726451874
40,0.005073291015625,0.06733092665672302
31,0.004448916015625,0.06707204133272171
104,0.009443916015625,0.0674932524561882
140,0.001951416015625,0.08488816022872925
68,0.006946416015625,0.06750492751598358
49,0.0007026660156250001,0.08147706836462021
122,0.005697666015625,0.06916016340255737
86,0.0032001660156250004,0.07089733332395554
13,0.008195166015625,0.06635861098766327
11,0.0011709472656250002,0.06733541935682297
83,0.006165947265625,0.0677892342209816
120,0.0036684472656250003,0.07420983910560608
47,0.008663447265625,0.06681491434574127
65,0.004917197265625,0.06781251728534698
138,0.009912197265625,0.0678752213716507
101,0.002419697265625,0.07455567270517349
29,0.007414697265625,0.06710651516914368
38,0.0030440722656250004,0.06755159795284271
111,0.008039072265625,0.06780573725700378
147,0.000546572265625,0.11989442259073257
74,0.005541572265625,0.06796432286500931
56,0.001795322265625,0.07183083146810532
129,0.006790322265625,0.06830733269453049
92,0.004292822265625,0.06840882450342178
20,0.009287822265625,0.06682804971933365
15,0.003980634765624999,0.06711593270301819
88,0.008975634765625,0.06754302233457565
124,0.0014831347656250001,0.08501914143562317
52,0.006478134765625,0.06741157174110413
70,0.000234384765625,0.1259576380252838
142,0.005229384765625,0.07006165385246277
106,0.002731884765625,0.07734815776348114
34,0.007726884765625,0.06716792285442352
24,0.002107509765625,0.06754293292760849
97,0.007102509765625,0.06804414093494415
133,0.004605009765625,0.07268371433019638
61,0.009600009765625,0.0673331543803215
43,0.0033562597656250004,0.06772717088460922
115,0.008351259765625,0.06792335957288742
79,0.0008587597656250001,0.09946072846651077
6,0.005853759765625,0.06645359098911285
6,0.004175751953125,0.0663631409406662
78,0.009170751953125,0.06733319908380508
115,0.0016782519531250001,0.0909671038389206
42,0.006673251953125,0.06723129004240036
60,0.00042950195312500003,0.09264039993286133
133,0.005424501953125,0.07128079980611801
96,0.002927001953125,0.07335421442985535
24,0.007922001953125,0.06699278950691223
33,0.0023026269531250003,0.06779074668884277
105,0.007297626953125,0.06788400560617447
142,0.004800126953125,0.07243131101131439
69,0.009795126953125,0.0674172192811966
51,0.003551376953125,0.06767158210277557
124,0.008546376953125,0.06795842200517654
87,0.0010538769531250002,0.09292762726545334
15,0.006048876953125,0.06701035797595978
19,0.0007416894531250001,0.0705157145857811
92,0.005736689453125,0.06838328391313553
128,0.003239189453125,0.0765216052532196
56,0.008234189453125,0.06736400723457336
74,0.004487939453125,0.06834971159696579
146,0.009482939453125,0.06820711493492126
110,0.0019904394531250003,0.0770573765039444
37,0.006985439453125,0.06724041700363159
28,0.0026148144531250002,0.06753052026033401
101,0.007609814453125,0.06780202686786652
137,0.000117314453125,0.3060973584651947
65,0.005112314453125,0.0677521824836731
47,0.0013660644531250001,0.07368122041225433
119,0.006361064453125,0.06897413730621338
83,0.003863564453125,0.06891317665576935
10,0.008858564453125,0.06639491766691208
13,0.001834345703125,0.06724005192518234
85,0.006829345703125,0.06765174120664597
121,0.004331845703125,0.07120715826749802
49,0.009326845703125,0.06715726852416992
67,0.003083095703125,0.06944126635789871
139,0.008078095703125,0.06836772710084915
103,0.000585595703125,0.09581205993890762
31,0.005580595703125,0.06701096892356873
40,0.004956220703125,0.06740661710500717
112,0.009951220703125,0.06772914528846741
149,0.0024587207031250002,0.09060303866863251
76,0.007453720703125,0.06761346012353897
58,0.0012099707031250002,0.07666015625
130,0.006204970703125,0.06932099908590317
94,0.003707470703125,0.06991775333881378
22,0.008702470703125,0.06702188402414322
17,0.003395283203125,0.06718362867832184
90,0.008390283203125,0.06746874004602432
126,0.0008977832031250001,0.09363351762294769
53,0.005892783203125,0.06737468391656876
71,0.0021465332031250003,0.07511332631111145
144,0.007141533203125,0.0688314437866211
108,0.004644033203125,0.06973179429769516
35,0.009639033203125,0.06712139397859573
26,0.00027340820312500005,0.0976996049284935
99,0.005268408203125,0.06890927255153656
135,0.002770908203125,0.07672420144081116
62,0.007765908203125,0.06706567853689194
44,0.004019658203125,0.06761465966701508
117,0.009014658203125,0.06787975877523422
81,0.0015221582031250001,0.07860533893108368
8,0.006517158203125,0.06642735749483109
7,0.000507548828125,0.06797317415475845
79,0.005502548828125,0.06783178448677063
116,0.003005048828125,0.07475981116294861
43,0.008000048828125,0.0671783834695816
61,0.004253798828125,0.06769648939371109
134,0.009248798828125,0.0680532157421112
98,0.001756298828125,0.08136270940303802
25,0.006751298828125,0.06709305942058563
34,0.003629423828125,0.06749635189771652
107,0.008624423828125,0.06774400919675827
143,0.0011319238281250002,0.09343765676021576
70,0.006126923828125,0.06734850257635117
52,0.0023806738281250002,0.06905478984117508
125,0.007375673828125,0.06837410479784012
88,0.0048781738281249995,0.06872399896383286
16,0.009873173828125,0.06643780320882797
21,0.004565986328125,0.06707385182380676
93,0.009560986328125,0.0675738975405693
129,0.0020684863281250003,0.08118772506713867
57,0.007063486328125,0.06705941259860992
75,0.0008197363281250001,0.11188171803951263
147,0.005814736328125,0.07013513147830963
111,0.003317236328125,0.07285691052675247
39,0.008312236328125,0.06716703623533249
30,0.0014441113281250001,0.06820138543844223
102,0.006439111328125,0.06806254386901855
138,0.003941611328125,0.07394097745418549
66,0.008936611328125,0.0673096552491188
48,0.002692861328125,0.06871382147073746
120,0.007687861328125,0.0682421401143074
84,0.000195361328125,0.16124485433101654
11,0.0051903613281249995,0.06674156337976456
9,0.002848955078125,0.06712663918733597
82,0.007843955078125001,0.06762110441923141
118,0.00035145507812500004,0.10545606166124344
45,0.005346455078125,0.06746391952037811
64,0.0016002050781250001,0.071696937084198
136,0.006595205078125,0.06837721168994904
100,0.004097705078125,0.07011868059635162
27,0.009092705078125,0.06690223515033722
36,0.0009758300781250001,0.07023824751377106
109,0.005970830078125,0.06874755769968033
145,0.003473330078125,0.07325338572263718
73,0.008468330078125001,0.06745535880327225
54,0.0047220800781249996,0.06761127710342407
127,0.009717080078125,0.06798509508371353
91,0.0022245800781250003,0.07450826466083527
18,0.007219580078125,0.06698650866746902
14,0.001912392578125,0.06718715280294418
86,0.006907392578125,0.06776899099349976
122,0.004409892578125,0.07209477573633194
50,0.009404892578125,0.06715328991413116
68,0.003161142578125,0.06935510039329529
141,0.008156142578125001,0.06831852346658707
104,0.0006636425781250001,0.13400830328464508
32,0.005658642578125,0.06718707084655762
23,0.003785517578125,0.06720191240310669
95,0.008780517578125,0.06744939088821411
132,0.0012880175781250002,0.09433448314666748
59,0.006283017578125,0.0675310418009758
41,3.9267578125e-05,0.3141252398490906
113,0.0050342675781249995,0.06988973170518875
77,0.0025367675781250002,0.07021193951368332
