77,0.005005,0.07310455292463303
113,0.0025075,0.07993470132350922
41,0.0075025000000000005,0.0729788988828659
59,0.0037562500000000005,0.0739104151725769
131,0.00875125,0.07357253134250641
95,0.00125875,0.08014962077140808
23,0.00625375,0.07265112549066544
32,0.003131875,0.0735640749335289
104,0.008126875,0.07370660454034805
140,0.0006343750000000001,0.15258292853832245
68,0.005629375,0.07365771383047104
50,0.0018831250000000003,0.07427946478128433
122,0.006878125,0.07421988993883133
86,0.004380625,0.07425065338611603
14,0.009375625,0.07216546684503555
18,0.0046928125,0.07270152866840363
91,0.0096878125,0.07341732829809189
127,0.0021953125,0.08595350384712219
54,0.0071903125,0.07325498759746552
72,0.0009465625000000001,0.08810123801231384
145,0.0059415625,0.07497376948595047
109,0.0034440625,0.07561380416154861
36,0.0084390625,0.07276388257741928
27,0.0015709375,0.0740305632352829
100,0.0065659375,0.07386218756437302
136,0.0040684375,0.07682979106903076
63,0.0090634375,0.07321297377347946
45,0.0028196875,0.07404287159442902
118,0.0078146875,0.07399843633174896
82,0.00032218750000000005,0.14683063328266144
9,0.0053171875,0.0724944993853569
11,0.00266359375,0.07274175435304642
84,0.0076585937500000005,0.0735916867852211
120,0.00016609375,0.23419341444969177
48,0.00516109375,0.07345551997423172
66,0.00141484375,0.08022639900445938
138,0.00640984375,0.07418084144592285
102,0.00391234375,0.07472474873065948
29,0.00890734375,0.07262000441551208
38,0.00079046875,0.08067275583744049
111,0.00578546875,0.07408690452575684
147,0.00328796875,0.0763704776763916
75,0.00828296875,0.07343943417072296
57,0.00453671875,0.0736674889922142
129,0.00953171875,0.07372622191905975
93,0.0020392187500000002,0.07628244906663895
20,0.00703421875,0.07252886891365051
16,0.00235140625,0.07316853851079941
88,0.00734640625,0.07372264564037323
125,0.00484890625,0.07465659826993942
52,0.00984390625,0.07298827916383743
70,0.00360015625,0.07415216416120529
143,0.00859515625,0.07357115298509598
106,0.0011026562500000001,0.09283549338579178
34,0.00609765625,0.07300319522619247
25,0.00422453125,0.07306849956512451
97,0.00921953125,0.07332278788089752
134,0.00172703125,0.09338840842247009
61,0.00672203125,0.07350797206163406
43,0.0004782812500000001,0.09796576201915741
116,0.00547328125,0.07404357939958572
79,0.00297578125,0.07510070502758026
7,0.00797078125,0.07175565510988235
8,0.003990390625,0.07259872555732727
80,0.008985390625,0.0734281986951828
117,0.001492890625,0.09094754606485367
44,0.006487890625,0.07304700464010239
62,0.00024414062500000005,0.17704999446868896
135,0.005239140625,0.0749397873878479
99,0.002741640625,0.07572490721940994
26,0.007736640625,0.07264696806669235
35,0.0021172656250000002,0.07385215908288956
108,0.007112265625,0.07385784387588501
144,0.0046147656249999995,0.07513895630836487
71,0.009609765625,0.07333651930093765
53,0.003366015625,0.07391578704118729
126,0.008361015625,0.07366698980331421
89,0.000868515625,0.09753937274217606
17,0.005863515625,0.0725889801979065
21,0.0011807031250000001,0.07412717491388321
94,0.006175703125,0.0740688294172287
130,0.003678203125,0.07673103362321854
58,0.008673203125,0.07317052781581879
76,0.0049269531249999995,0.07396454364061356
148,0.009921953125,0.07373853772878647
112,0.002429453125,0.08306887000799179
40,0.007424453125,0.07294671982526779
31,0.003053828125,0.0735289454460144
103,0.008048828125,0.07370691001415253
139,0.0005563281250000001,0.12728404998779297
67,0.005551328125,0.07366523891687393
49,0.001805078125,0.07532015442848206
121,0.006800078125,0.07406406849622726
85,0.0043025781249999995,0.07432077080011368
12,0.009297578125,0.07231521606445312
10,0.001336796875,0.07330024242401123
83,0.006331796875,0.07361651211977005
119,0.0038342968750000005,0.07571752369403839
46,0.008829296875,0.07292881608009338
65,0.002585546875,0.07486284524202347
137,0.007580546875,0.07415569573640823
101,8.8046875e-05,0.36173176765441895
28,0.005083046875,0.07297581434249878
37,0.0044586718749999995,0.07341554760932922
110,0.009453671875,0.0736055001616478
146,0.0019611718750000002,0.0874977633357048
74,0.006956171875,0.07335224002599716
55,0.0007124218750000001,0.08740884065628052
128,0.005707421875,0.07446977496147156
92,0.003209921875,0.07501250505447388
19,0.008204921875,0.07256527245044708
15,0.003522109375,0.07276435941457748
87,0.008517109375,0.07350865006446838
123,0.0010246093750000001,0.10380607843399048
51,0.006019609375,0.07345997542142868
69,0.002273359375,0.07530626654624939
142,0.007268359375,0.07456542551517487
105,0.0047708593749999995,0.07458680123090744
33,0.009765859375,0.07267897576093674
24,0.00040023437500000004,0.08309077471494675
96,0.005395234375,0.07409953325986862
133,0.002897734375,0.07908874750137329
60,0.007892734375,0.07327878475189209
42,0.0041464843749999996,0.07358364015817642
114,0.009141484375,0.07365240901708603
78,0.001648984375,0.07890067249536514
6,0.006643984375,0.07232578843832016
6,0.0033269921875000003,0.0724484995007515
79,0.0083219921875,0.0734812393784523
115,0.0008294921875,0.11294297873973846
42,0.0058244921875,0.07327358424663544
61,0.0020782421875,0.0753006786108017
133,0.0070732421875,0.07416171580553055
97,0.0045757421875,0.0742257758975029
24,0.0095707421875,0.07253868877887726
33,0.0002051171875,0.09803296625614166
106,0.0052001171875,0.07433638721704483
142,0.0027026171875000004,0.08101090788841248
70,0.0076976171875,0.0733359307050705
52,0.0039513671875,0.07376252859830856
124,0.0089463671875,0.07386262714862823
88,0.0014538671875,0.08195681124925613
15,0.0064488671875,0.07253208756446838
20,0.0017660546875,0.07361800968647003
92,0.0067610546875,0.07383807003498077
129,0.0042635546875,0.07633839547634125
56,0.0092585546875,0.07309374213218689
74,0.0030148046875000003,0.07462919503450394
147,0.0080098046875,0.0740884467959404
110,0.0005173046875000001,0.13139452040195465
38,0.0055123046875,0.07316440343856812
29,0.0048879296875,0.07306971400976181
101,0.0098829296875,0.07365307211875916
138,0.0023904296875,0.08473490178585052
65,0.0073854296875,0.07324837893247604
47,0.0011416796875000001,0.07868053764104843
119,0.0061366796874999996,0.07429614663124084
83,0.0036391796875000003,0.07441555708646774
11,0.0086341796875,0.07235947996377945
13,0.0006733984375000001,0.07435698807239532
85,0.0056683984375,0.07390305399894714
122,0.0031708984375000003,0.07618322223424911
49,0.0081658984375,0.07301615923643112
67,0.0044196484375,0.07397428900003433
140,0.009414648437500001,0.07386384904384613
104,0.0019221484375000002,0.08230546861886978
31,0.0069171484375,0.07285932451486588
40,0.0025465234375000004,0.07403530180454254
113,0.0075415234375,0.0734994038939476
149,4.90234375e-05,1.034339189529419
76,0.0050440234375,0.07389771193265915
58,0.0012977734375,0.07707183063030243
131,0.0062927734375,0.07449400424957275
95,0.0037952734375000003,0.07448466867208481
22,0.008790273437500001,0.07258663326501846
18,0.0041074609375,0.07279331982135773
90,0.009102460937500001,0.07350964099168777
126,0.0016099609375,0.0813678428530693
54,0.0066049609375,0.07333225756883621
72,0.00036121093750000004,0.09937600046396255
144,0.0053562109375,0.07529766112565994
108,0.0028587109375000004,0.07643458992242813
36,0.0078537109375,0.07281854003667831
27,0.0022343359375,0.07367829233407974
99,0.0072293359375,0.07376126199960709
135,0.0047318359375,0.07455389201641083
63,0.009726835937500001,0.07317991554737091
45,0.0034830859375000003,0.07370676845312119
117,0.0084780859375,0.07386358827352524
81,0.0009855859375000001,0.09273537248373032
8,0.0059805859375,0.07235430926084518
7,0.0020001953125,0.07270876318216324
80,0.0069951953125,0.07361681014299393
116,0.0044976953125,0.0744754895567894
44,0.0094926953125,0.07283182442188263
62,0.0032489453125000003,0.0740932822227478
134,0.0082439453125,0.07372584193944931
98,0.0007514453125,0.10070595145225525
25,0.0057464453125,0.07281383872032166
35,0.0038733203125000002,0.07341361045837402
107,0.0088683203125,0.07338912785053253
143,0.0013758203125,0.09987172484397888
71,0.0063708203125,0.07365605980157852
53,0.0001270703125,0.20963497459888458
125,0.0051220703125,0.07459120452404022
89,0.0026245703125000004,0.07564514875411987
16,0.0076195703125,0.0725090280175209
21,0.0029367578125000003,0.07319940626621246
93,0.0079317578125,0.07346909493207932
130,0.00043925781250000003,0.13646596670150757
57,0.0054342578125,0.07346225529909134
75,0.0016880078125,0.07737229764461517
148,0.0066830078125,0.0745454654097557
112,0.0041855078125,0.07519875466823578
39,0.0091805078125,0.0728418156504631
30,0.0010636328125000001,0.07519326359033585
102,0.0060586328125,0.07364636659622192
139,0.0035611328125000003,0.0770154818892479
66,0.0085561328125,0.07329796999692917
48,0.0048098828125,0.07350762188434601
121,0.0098048828125,0.07368998229503632
84,0.0023123828125,0.0775737538933754
12,0.0073073828125,0.07238103449344635
10,0.0046537890625,0.07244052737951279
82,0.0096487890625,0.07337706536054611
118,0.0021562890625,0.08132648468017578
46,0.0071512890625,0.07311505824327469
64,0.0009075390625,0.08765951544046402
136,0.0059025390625,0.07435411214828491
100,0.0034050390625000003,0.07529326528310776
28,0.0084000390625,0.07264357060194016
37,0.0015319140625,0.07481098175048828
109,0.0065269140625,0.07396794855594635
146,0.0040294140625,0.07739701867103577
73,0.0090244140625,0.07337313145399094
55,0.0027806640625000004,0.0740925520658493
127,0.0077756640625,0.0738612711429596
91,0.00028316406250000005,0.1362903118133545
19,0.0052781640625,0.07264430075883865
14,0.0005953515625000001,0.07451821118593216
87,0.0055903515625,0.07390575110912323
123,0.0030928515625000003,0.07769198715686798
50,0.0080878515625,0.0730685144662857
69,0.0043416015625,0.07394890487194061
141,0.0093366015625,0.07399483770132065
105,0.0018441015625,0.07849061489105225
32,0.0068391015625,0.0728735700249672
23,0.0037172265625000003,0.07306794077157974
96,0.0087122265625,0.07359495013952255
132,0.0012197265625,0.08930502086877823
59,0.0062147265625,0.07351809740066528
41,0.0024684765625,0.07396820932626724
114,0.0074634765625,0.07383511960506439
78,0.0049659765625,0.07385066151618958
5,0.0099609765625,0.07187875360250473
5,0.00498548828125,0.07191883027553558
78,0.00998048828125,0.07331930100917816
114,0.0024879882812500003,0.07818516343832016
42,0.00748298828125,0.07304614782333374
60,0.00123923828125,0.07680700719356537
132,0.00623423828125,0.07451117783784866
96,0.00373673828125,0.0749581977725029
23,0.00873173828125,0.07252346724271774
33,0.0018636132812500001,0.07399351894855499
105,0.00685861328125,0.07385694980621338
141,0.00436111328125,0.07574614882469177
69,0.00935611328125,0.07321206480264664
51,0.0031123632812500002,0.07398436963558197
123,0.00810736328125,0.07376842200756073
87,0.0006148632812500001,0.09639935940504074
14,0.0056098632812499995,0.07245191931724548
19,0.00030267578125000005,0.08267378807067871
91,0.0052976757812499995,0.07392299175262451
128,0.0028001757812500003,0.07704642415046692
55,0.00779517578125,0.07321690022945404
73,0.00404892578125,0.0740370824933052
146,0.00904392578125,0.07380608469247818
110,0.0015514257812500002,0.08851715922355652
37,0.00654642578125,0.07306800037622452
28,0.00342455078125,0.07331325858831406
101,0.00841955078125,0.073775514960289
137,0.00092705078125,0.09034237265586853
64,0.00592205078125,0.07359205186367035
46,0.0021758007812500003,0.07412181049585342
119,0.00717080078125,0.07370512932538986
82,0.00467330078125,0.07413200289011002
10,0.00966830078125,0.07180525362491608
12,0.0023318945312500003,0.0729139894247055
85,0.00732689453125,0.07370425760746002
121,0.00482939453125,0.07425949722528458
48,0.00982439453125,0.07286020368337631
67,0.00358064453125,0.07427438348531723
139,0.008575644531250001,0.07374800741672516
103,0.00108314453125,0.08830544352531433
30,0.00607814453125,0.07288026064634323
39,0.00420501953125,0.07349618524312973
112,0.00920001953125,0.07368485629558563
148,0.0017075195312500002,0.09033989906311035
76,0.00670251953125,0.07372698187828064
57,0.00045876953125000003,0.1057782918214798
130,0.0054537695312499995,0.07412142306566238
94,0.0029562695312500002,0.07523467391729355
21,0.00795126953125,0.07250893115997314
17,0.0026440820312500003,0.07309932261705399
89,0.00763908203125,0.0735420286655426
125,0.00014658203125,0.2829137146472931
53,0.0051415820312499996,0.07354119420051575
71,0.0013953320312500002,0.0821649506688118
144,0.00639033203125,0.07438841462135315
107,0.00389283203125,0.07519154995679855
35,0.008887832031250001,0.07270248234272003
26,0.00077095703125,0.07562270760536194
98,0.00576595703125,0.07374793291091919
134,0.00326845703125,0.0785348191857338
62,0.008263457031250001,0.07324826717376709
44,0.00451720703125,0.07303442060947418
116,0.00951220703125,0.07359573245048523
80,0.0020197070312500003,0.07652859389781952
8,0.00701470703125,0.07221062481403351
9,0.00100509765625,0.07342512160539627
81,0.00600009765625,0.07376634329557419
117,0.00350259765625,0.07601112127304077
45,0.00849759765625,0.07294109463691711
63,0.00475134765625,0.07381057739257812
136,0.00974634765625,0.07374987751245499
99,0.0022538476562500003,0.07605646550655365
27,0.00724884765625,0.07266264408826828
36,0.0028782226562500002,0.07368335872888565
108,0.00787322265625,0.07380395382642746
145,0.00038072265625000004,0.1458488255739212
72,0.00537572265625,0.07382508367300034
54,0.0016294726562500002,0.0762675479054451
127,0.00662447265625,0.07404693216085434
90,0.00412697265625,0.07447991520166397
18,0.00912197265625,0.07256846874952316
22,0.00381478515625,0.07302095741033554
95,0.00880978515625,0.07352051138877869
131,0.0013172851562500002,0.08097857236862183
59,0.00631228515625,0.07350058108568192
77,6.853515625e-05,0.36647000908851624
149,0.00506353515625,0.07485531270503998
113,0.0025660351562500003,0.07748281955718994
40,0.00756103515625,0.0729309469461441
31,0.0019416601562500001,0.07390861958265305
104,0.00693666015625,0.0738295242190361
140,0.00443916015625,0.07522106915712357
68,0.00943416015625,0.07320105284452438
50,0.00319041015625,0.07394355535507202
122,0.00818541015625,0.0739436149597168
86,0.0006929101562500001,0.08617383241653442
13,0.00568791015625,0.0725541040301323
11,0.00365869140625,0.07258288562297821
84,0.00865369140625,0.07348520308732986
120,0.00116119140625,0.08807022869586945
47,0.00615619140625,0.07326921075582504
65,0.0024099414062500003,0.07503145933151245
138,0.00740494140625,0.07414031773805618
102,0.00490744140625,0.07442566752433777
29,0.00990244140625,0.07257822155952454
38,0.0005368164062500001,0.08821099251508713
111,0.00553181640625,0.0741717740893364
147,0.0030343164062500002,0.07741628587245941
74,0.00802931640625,0.0731600821018219
56,0.00428306640625,0.07376469671726227
129,0.00927806640625,0.07382497191429138
93,0.0017855664062500002,0.08115953952074051
20,0.00678056640625,0.07254007458686829
16,0.0014733789062500002,0.07356604933738708
88,0.00646837890625,0.0737755224108696
124,0.00397087890625,0.07545649260282516
52,0.00896587890625,0.07307379692792892
70,0.0027221289062500003,0.07442885637283325
142,0.00771712890625,0.07414393872022629
106,0.00022462890625,0.19514606893062592
34,0.00521962890625,0.07314161956310272
25,0.00459525390625,0.07299491763114929
97,0.00959025390625,0.07325547933578491
133,0.0020977539062500003,0.08179869502782822
61,0.00709275390625,0.07346228510141373
43,0.00084900390625,0.07734972983598709
115,0.00584400390625,0.07402718812227249
79,0.00334650390625,0.07455118000507355
6,0.00834150390625,0.0723470002412796
6,0.0016684960937500002,0.07267772406339645
78,0.00666349609375,0.0736895352602005
115,0.00416599609375,0.07542302459478378
42,0.00916099609375,0.07287352532148361
60,0.00291724609375,0.07413019984960556
133,0.00791224609375,0.07402457296848297
97,0.00041974609375000003,0.14252980053424835
24,0.00541474609375,0.07278133928775787
33,0.00479037109375,0.07322995364665985
106,0.00978537109375,0.07364773005247116
142,0.00229287109375,0.07838661968708038
69,0.00728787109375,0.0734206959605217
51,0.00104412109375,0.08228843659162521
124,0.00603912109375,0.07428991049528122
87,0.0035416210937500004,0.07454469799995422
15,0.00853662109375,0.07250596582889557
20,0.0032294335937500004,0.07307766377925873
92,0.00822443359375,0.07366535067558289
128,0.00073193359375,0.1094013899564743
56,0.00572693359375,0.07352974265813828
74,0.00198068359375,0.07749275118112564
146,0.0069756835937500004,0.07428739964962006
110,0.00447818359375,0.07423574477434158
38,0.00947318359375,0.0727054551243782
29,0.00010755859375,0.11550454050302505
101,0.00510255859375,0.07443057000637054
137,0.00260505859375,0.08041828870773315
65,0.00760005859375,0.07314566522836685
47,0.0038538085937500004,0.07366562634706497
119,0.00884880859375,0.07330746948719025
83,0.0013563085937500002,0.0845632404088974
10,0.00635130859375,0.0721832662820816
13,0.00432208984375,0.07258130609989166
85,0.00931708984375,0.07351871579885483
121,0.0018245898437500001,0.08455498516559601
49,0.00681958984375,0.07302366197109222
67,0.0005758398437500001,0.09872552007436752
140,0.00557083984375,0.07495704293251038
103,0.00307333984375,0.0750725045800209
31,0.00806833984375,0.07271132618188858
40,0.00244896484375,0.07405947893857956
112,0.00744396484375,0.07386554032564163
149,0.00494646484375,0.07520799338817596
76,0.009941464843750001,0.07338324189186096
58,0.0036977148437500004,0.07394253462553024
131,0.00869271484375,0.0736234188079834
94,0.00120021484375,0.08524306118488312
22,0.00619521484375,0.07266918569803238
17,0.00088802734375,0.07428056001663208
90,0.00588302734375,0.07391182333230972
126,0.0033855273437500004,0.07652245461940765
53,0.00838052734375,0.07310248166322708
72,0.00463427734375,0.07399702817201614
144,0.009629277343750001,0.07377804815769196
108,0.00213677734375,0.08142776787281036
35,0.00713177734375,0.072933629155159
26,0.00276115234375,0.07342732697725296
99,0.00775615234375,0.07373972237110138
135,0.00026365234375000005,0.19723570346832275
63,0.00525865234375,0.0736696869134903
44,0.0015124023437500002,0.07522092759609222
117,0.00650740234375,0.07416011393070221
81,0.00400990234375,0.0740833729505539
8,0.00900490234375,0.0720733180642128
7,0.00299529296875,0.07248785346746445
80,0.00799029296875,0.07350390404462814
116,0.0004977929687500001,0.15070293843746185
43,0.00549279296875,0.07321783900260925
61,0.0017465429687500002,0.07511305809020996
134,0.00674154296875,0.07425227761268616
98,0.0042440429687499994,0.07450686395168304
25,0.00923904296875,0.0725766122341156
34,0.00112216796875,0.07483918219804764
107,0.00611716796875,0.07383687049150467
143,0.0036196679687500004,0.07785879820585251
70,0.00861466796875,0.0732753723859787
52,0.00486841796875,0.07363712787628174
125,0.00986341796875,0.07358729094266891
89,0.00237091796875,0.07577227801084518
16,0.00736591796875,0.07251450419425964
21,0.00205873046875,0.07351569831371307
93,0.00705373046875,0.0736372098326683
129,0.00455623046875,0.07502737641334534
57,0.00955123046875,0.07303090393543243
75,0.0033074804687500004,0.07428604364395142
148,0.00830248046875,0.07411966472864151
111,0.00080998046875,0.10389836132526398
39,0.00580498046875,0.07321718335151672
30,0.0039318554687499995,0.0732659325003624
102,0.00892685546875,0.0733008161187172
138,0.0014343554687500002,0.0869947075843811
66,0.00642935546875,0.07355817407369614
48,0.00018560546875,0.14041157066822052
120,0.00518060546875,0.07407288998365402
84,0.00268310546875,0.07504050433635712
12,0.00767810546875,0.0723617821931839
9,0.00034169921875000004,0.07437735050916672
82,0.00533669921875,0.07396745681762695
118,0.00283919921875,0.07575366646051407
46,0.00783419921875,0.07303190231323242
64,0.0040879492187499995,0.07386265695095062
136,0.00908294921875,0.07385077327489853
100,0.0015904492187500002,0.08308778703212738
27,0.00658544921875,0.07272336632013321
37,0.0034635742187500004,0.07361993193626404
109,0.00845857421875,0.07374443113803864
145,0.0009660742187500001,0.1191883534193039
73,0.00596107421875,0.07370788604021072
55,0.00221482421875,0.07469365745782852
127,0.00720982421875,0.07393572479486465
91,0.00471232421875,0.07419643551111221
18,0.00970732421875,0.0725439190864563
14,0.00440013671875,0.07259499281644821
86,0.00939513671875,0.07304579764604568
123,0.0019026367187500001,0.08125850558280945
50,0.00689763671875,0.07305768132209778
68,0.0006538867187500001,0.08843755722045898
141,0.00564888671875,0.07474824041128159
104,0.0031513867187500004,0.07560954988002777
32,0.00814638671875,0.07274434715509415
23,0.0012782617187500002,0.07399403303861618
95,0.00627326171875,0.07385997474193573
132,0.0037757617187500004,0.07642363756895065
59,0.00877076171875,0.07319805026054382
41,0.00252701171875,0.07399003952741623
114,0.00752201171875,0.07378186285495758
77,2.9511718750000004e-05,0.6867363452911377
5,0.00502451171875,0.07191260904073715
5,0.0025172558593750003,0.07245604693889618
77,0.007512255859375,0.07318118214607239
114,1.9755859375e-05,1.0378921031951904
41,0.005014755859375,0.07334569841623306
59,0.001268505859375,0.07747870683670044
132,0.006263505859375,0.07436905801296234
96,0.003766005859375,0.07452600449323654
23,0.008761005859375,0.07252296060323715
32,0.0006441308593750001,0.08392377942800522
105,0.005639130859375,0.07410170882940292
141,0.0031416308593750003,0.07893093675374985
68,0.008136630859375,0.07334310561418533
50,0.004390380859375,0.07351788878440857
123,0.009385380859375,0.07356841117143631
86,0.0018928808593750002,0.07835377007722855
14,0.006887880859375,0.07238621264696121
19,0.0022050683593750004,0.07338301837444305
91,0.007200068359375,0.07368790358304977
127,0.004702568359375,0.07525437325239182
55,0.009697568359375,0.07313734292984009
73,0.0034538183593750002,0.07411017268896103
145,0.008448818359375,0.07410462200641632
109,0.0009563183593750001,0.10739316046237946
37,0.005951318359375,0.07315314561128616
28,0.004078193359375,0.07316989451646805
100,0.009073193359375,0.07356294244527817
136,0.0015806933593750002,0.09450174868106842
64,0.006575693359375,0.07351533323526382
46,0.00033194335937500004,0.10680309683084488
118,0.005326943359375,0.07436073571443558
82,0.0028294433593750003,0.07561062276363373
9,0.007824443359375,0.07213447988033295
12,0.000175849609375,0.08366379141807556
84,0.005170849609375,0.07391684502363205
120,0.0026733496093750003,0.08164023607969284
48,0.007668349609375,0.07308057695627213
66,0.003922099609375,0.07401338964700699
139,0.008917099609375,0.07365511357784271
102,0.001424599609375,0.08534661680459976
30,0.006419599609375,0.0728365033864975
39,0.0032977246093750003,0.07368196547031403
111,0.008292724609375,0.07379379868507385
148,0.0008002246093750001,0.14896386861801147
75,0.005795224609375,0.0737607330083847
57,0.002048974609375,0.07492680847644806
130,0.007043974609375,0.074168860912323
93,0.004546474609375,0.07433515787124634
21,0.009541474609375,0.07249931991100311
16,0.004858662109375,0.07261877506971359
89,0.009853662109375,0.07321291416883469
125,0.0023611621093750004,0.08149779587984085
53,0.007356162109375,0.07322268187999725
71,0.001112412109375,0.08163338154554367
143,0.006107412109375,0.07443366199731827
107,0.0036099121093750002,0.07584386318922043
34,0.008604912109375,0.0727371945977211
25,0.0017367871093750002,0.07386893033981323
98,0.006731787109375,0.07378251105546951
134,0.004234287109375,0.07550562918186188
62,0.009229287109375,0.0731479823589325
43,0.0029855371093750003,0.07385341078042984
116,0.007980537109375,0.07392284274101257
80,0.0004880371093750001,0.1203731894493103
7,0.005483037109375,0.0720626711845398
8,0.001502646484375,0.07295048981904984
81,0.006497646484375,0.07369905710220337
117,0.004000146484375,0.07519955933094025
45,0.008995146484375001,0.07289455085992813
63,0.0027513964843750003,0.07424372434616089
135,0.007746396484375,0.07387381792068481
99,0.00025389648437500005,0.1984509974718094
26,0.005248896484375,0.07287361472845078
36,0.004624521484375,0.07329024374485016
108,0.009619521484375,0.07368345558643341
144,0.002127021484375,0.08582264930009842
72,0.007122021484375,0.07352223247289658
54,0.0008782714843750001,0.08210083842277527
126,0.0058732714843749995,0.07449842989444733
90,0.0033757714843750002,0.07564298063516617
17,0.008370771484375,0.07249408215284348
22,0.003687958984375,0.07305049151182175
94,0.008682958984375001,0.0736701563000679
131,0.001190458984375,0.08621708303689957
58,0.006185458984375,0.07333619147539139
76,0.0024392089843750004,0.07496116310358047
149,0.007434208984375,0.07436701655387878
113,0.004936708984375,0.07464446127414703
40,0.009931708984375,0.07271680980920792
31,0.000566083984375,0.08089372515678406
103,0.005561083984375,0.07390930503606796
140,0.0030635839843750003,0.07770301401615143
67,0.008058583984375,0.07315915077924728
49,0.004312333984375,0.0734071433544159
122,0.009307333984375001,0.07375742495059967
85,0.0018148339843750002,0.07987584173679352
13,0.006809833984375,0.07244540750980377
11,0.003844052734375,0.07256998866796494
83,0.008839052734375,0.07332202792167664
119,0.001346552734375,0.09200902283191681
47,0.006341552734375,0.07324343174695969
65,9.7802734375e-05,0.3294454514980316
137,0.005092802734375,0.07454865425825119
101,0.0025953027343750003,0.07645795494318008
29,0.007590302734375,0.07271002233028412
38,0.001970927734375,0.07434023916721344
110,0.006965927734375,0.0739789605140686
147,0.004468427734375,0.07580209523439407
74,0.009463427734375,0.07309062033891678
56,0.0032196777343750003,0.07403108477592468
128,0.008214677734375,0.0739111453294754
92,0.0007221777343750001,0.09085043519735336
20,0.0057171777343749995,0.07261735945940018
15,0.001034365234375,0.07384997606277466
88,0.006029365234375,0.07385440170764923
124,0.0035318652343750002,0.07603904604911804
51,0.008526865234375,0.07315926253795624
69,0.004780615234375,0.07383682578802109
142,0.009775615234375,0.07368484884500504
106,0.0022831152343750004,0.08042861521244049
33,0.007278115234375,0.07286776602268219
24,0.0029074902343750003,0.0733349397778511
97,0.007902490234375,0.07340055704116821
133,0.00040999023437500004,0.17532743513584137
60,0.005404990234375,0.07359474152326584
42,0.0016587402343750002,0.07468154281377792
115,0.006653740234375,0.07397906482219696
79,0.004156240234375,0.07421831041574478
6,0.009151240234375,0.07237657904624939
7,0.0008392480468750001,0.07337531447410583
79,0.005834248046875,0.07387987524271011
115,0.003336748046875,0.0775647833943367
43,0.008331748046875,0.07305480539798737
61,0.004585498046875,0.07378938049077988
133,0.009580498046875,0.07374433428049088
97,0.002087998046875,0.07908473908901215
25,0.007082998046875,0.07267826050519943
34,0.002712373046875,0.07373898476362228
106,0.007707373046875,0.07393967360258102
143,0.000214873046875,0.2387322187423706
70,0.005209873046875,0.07373253256082535
52,0.001463623046875,0.07587027549743652
124,0.006458623046875,0.07407914847135544
88,0.003961123046875,0.07454502582550049
16,0.008956123046875,0.07249932736158371
20,0.004273310546875,0.07282613217830658
93,0.009268310546875,0.07333671301603317
129,0.0017758105468750002,0.08012400567531586
56,0.006770810546875,0.0733821839094162
75,0.000527060546875,0.08867456018924713
147,0.005522060546875,0.07490725815296173
111,0.003024560546875,0.07639209181070328
38,0.008019560546875,0.07281982153654099
29,0.002400185546875,0.07368961721658707
102,0.0073951855468750004,0.07351406663656235
138,0.004897685546875,0.07497736066579819
66,0.009892685546875,0.07316939532756805
47,0.0036489355468750004,0.07372323423624039
120,0.008643935546875,0.07384855300188065
84,0.001151435546875,0.09530222415924072
11,0.006146435546875,0.07256018370389938
13,0.003180654296875,0.07273529469966888
86,0.008175654296875,0.07293367385864258
122,0.0006831542968750001,0.1334376186132431
50,0.005678154296875,0.0731348842382431
68,0.0019319042968750002,0.07664589583873749
140,0.006926904296875,0.07444331794977188
104,0.004429404296875,0.07476579397916794
32,0.009424404296875,0.07265933603048325
41,5.8779296875e-05,0.24731595814228058
113,0.005053779296875,0.07423507422208786
149,0.002556279296875,0.08215409517288208
77,0.007551279296875,0.0733272135257721
59,0.0038050292968750004,0.07389150559902191
131,0.008800029296875,0.07359274476766586
95,0.001307529296875,0.08810102939605713
22,0.006302529296875,0.07266106456518173
18,0.0016197167968750002,0.07357863336801529
90,0.006614716796875,0.0738307386636734
127,0.004117216796875,0.07536716014146805
54,0.009112216796875,0.07303758710622787
72,0.002868466796875,0.0745253786444664
145,0.007863466796875,0.07403714209794998
109,0.00037096679687500004,0.1291031390428543
36,0.005365966796875,0.07315543293952942
27,0.004741591796875,0.07298982888460159
100,0.009736591796875001,0.07351548969745636
136,0.002244091796875,0.08335110545158386
63,0.0072390917968750005,0.07326021045446396
45,0.000995341796875,0.07877326756715775
118,0.005990341796875,0.07424361258745193
81,0.0034928417968750004,0.07439618557691574
9,0.008487841796875,0.07206278294324875
8,0.0045074511718749995,0.07255218923091888
80,0.009502451171875,0.0733863040804863
117,0.002009951171875,0.08677683025598526
44,0.007004951171875,0.07305758446455002
62,0.0007612011718750001,0.08486828207969666
135,0.005756201171875,0.07466541975736618
98,0.003258701171875,0.07601577043533325
26,0.008253701171875,0.07262995094060898
35,0.001385576171875,0.07451964169740677
107,0.006380576171875,0.07411489635705948
144,0.0038830761718750004,0.0763009786605835
71,0.008878076171875,0.07340583205223083
53,0.002634326171875,0.07402442395687103
126,0.007629326171875,0.0737660750746727
89,0.000136826171875,0.27282682061195374
17,0.005131826171875,0.07262539863586426
21,0.00044901367187500003,0.07886146008968353
94,0.005444013671875,0.07390665262937546
130,0.002946513671875,0.07654441893100739
58,0.007941513671875,0.07315850257873535
76,0.0041952636718749995,0.07422830164432526
148,0.009190263671875,0.07384931296110153
112,0.0016977636718750002,0.08572787791490555
39,0.006692763671875,0.07309380173683167
30,0.0035708886718750004,0.0733603909611702
103,0.008565888671875,0.07367276400327682
139,0.001073388671875,0.09770557284355164
67,0.006068388671875,0.07356296479701996
49,0.002322138671875,0.07439590245485306
121,0.007317138671875,0.07398376613855362
85,0.004819638671875,0.07399971783161163
12,0.009814638671875,0.0723109021782875
10,0.002166044921875,0.07291899621486664
83,0.007161044921875,0.07352326065301895
119,0.0046635449218749995,0.07456407696008682
46,0.009658544921875,0.0728575810790062
64,0.003414794921875,0.07417057454586029
137,0.008409794921875,0.07391467690467834
101,0.0009172949218750001,0.09263140708208084
28,0.005912294921875,0.07285235822200775
37,0.0040391699218749995,0.0734950453042984
110,0.009034169921875,0.07364905625581741
146,0.001541669921875,0.08781310170888901
73,0.006536669921875,0.07366589456796646
55,0.00029291992187500005,0.12571482360363007
128,0.005287919921875,0.0743265450000763
92,0.002790419921875,0.07709264755249023
19,0.007785419921875,0.07255686074495316
15,0.003102607421875,0.07286277413368225
87,0.008097607421875,0.07355252653360367
123,0.000605107421875,0.1192772164940834
51,0.005600107421875,0.0735035166144371
69,0.0018538574218750002,0.0768895298242569
141,0.006848857421875,0.0743831992149353
105,0.0043513574218749995,0.07463213056325912
33,0.009346357421875,0.07270140200853348
24,0.001229482421875,0.07415890693664551
96,0.006224482421875,0.07390699535608292
132,0.0037269824218750004,0.07594892382621765
60,0.008721982421875,0.07318812608718872
42,0.004975732421875,0.07341033965349197
114,0.009970732421875,0.07359785586595535
78,0.002478232421875,0.07583104819059372
5,0.007473232421875,0.07174742966890335
5,0.002497744140625,0.07245700806379318
78,0.007492744140625,0.0735725462436676
114,0.004995244140625,0.07443901151418686
41,0.009990244140625,0.07274074107408524
60,0.0037464941406250003,0.07399968802928925
132,0.008741494140625,0.07393809407949448
96,0.0012489941406250002,0.08876294642686844
23,0.006243994140625,0.07265204936265945
32,0.004370869140625,0.07326678186655045
105,0.009365869140625,0.07358790934085846
141,0.001873369140625,0.08938217908143997
69,0.006868369140625,0.07352486252784729
51,0.000624619140625,0.08759481459856033
123,0.005619619140625,0.07453334331512451
87,0.0031221191406250004,0.07488621771335602
14,0.008117119140625,0.07231034338474274
19,0.002809931640625,0.07316010445356369
91,0.007804931640625,0.07363225519657135
128,0.00031243164062500005,0.16930647194385529
55,0.005307431640625,0.07362888753414154
73,0.0015611816406250001,0.07884161919355392
146,0.0065561816406249996,0.07439742237329483
109,0.004058681640625,0.07470029592514038
37,0.009053681640625,0.07280129939317703
28,0.0009368066406250001,0.07564517855644226
100,0.005931806640625,0.07408590614795685
137,0.0034343066406250003,0.07921919971704483
64,0.008429306640625,0.07327347993850708
46,0.004683056640625,0.07349897921085358
118,0.009678056640625,0.07380175590515137
82,0.002185556640625,0.07697062194347382
10,0.007180556640625,0.07203280180692673
12,0.004839150390625,0.07253473252058029
85,0.009834150390625001,0.07347360998392105
121,0.002341650390625,0.07869325578212738
48,0.007336650390625,0.07312126457691193
66,0.0010929003906250002,0.07887747138738632
139,0.006087900390625,0.07445620745420456
103,0.0035904003906250003,0.07504243403673172
30,0.008585400390625,0.07265150547027588
39,0.001717275390625,0.0747431144118309
112,0.006712275390625,0.07413344085216522
148,0.004214775390625,0.07744665443897247
75,0.009209775390625001,0.07335025072097778
57,0.0029660253906250004,0.07413012534379959
130,0.007961025390625,0.07392963767051697
94,0.00046852539062500003,0.11166368424892426
21,0.005463525390625,0.0726696252822876
17,0.000156337890625,0.08765008300542831
89,0.005151337890625,0.07402388751506805
125,0.002653837890625,0.07828599959611893
53,0.007648837890625,0.07318539172410965
71,0.0039025878906250003,0.07411123067140579
143,0.008897587890625,0.07338742166757584
107,0.0014050878906250001,0.08930536359548569
35,0.006400087890625,0.07304872572422028
26,0.0032782128906250004,0.07328463345766068
98,0.008273212890625,0.0732496902346611
134,0.0007807128906250001,0.11305691301822662
62,0.005775712890625,0.07350359112024307
44,0.002029462890625,0.07442554831504822
116,0.007024462890625,0.0738309770822525
80,0.004526962890625,0.0741671547293663
7,0.009521962890625001,0.07171700894832611
9,0.0035123535156250003,0.07255730032920837
81,0.008507353515625,0.07349888235330582
117,0.0010148535156250002,0.10601856559515
45,0.006009853515625,0.07324719429016113
63,0.002263603515625,0.07468478381633759
135,0.007258603515625,0.07416488230228424
99,0.004761103515625,0.07407551258802414
27,0.009756103515625,0.07255074381828308
36,0.00039047851562500004,0.08852867782115936
108,0.005385478515625,0.07422152906656265
145,0.0028879785156250004,0.07935049384832382
72,0.007882978515625,0.07343924790620804
54,0.004136728515625,0.07375521212816238
126,0.009131728515625,0.07340361922979355
90,0.0016392285156250001,0.07839454710483551
18,0.006634228515625,0.07255993038415909
22,0.0013270410156250001,0.07403019070625305
95,0.006322041015625,0.07386954873800278
131,0.0038245410156250003,0.07577360421419144
58,0.008819541015625,0.07315726578235626
77,0.002575791015625,0.07568567246198654
149,0.007570791015625,0.07407846301794052
113,7.8291015625e-05,0.4183606803417206
40,0.005073291015625,0.07329939305782318
31,0.004448916015625,0.07325275987386703
104,0.009443916015625,0.0735519751906395
140,0.001951416015625,0.08780021220445633
68,0.006946416015625,0.07348796725273132
49,0.0007026660156250001,0.08311700820922852
122,0.005697666015625,0.07447656244039536
86,0.0032001660156250004,0.07457957416772842
13,0.008195166015625,0.07235786318778992
11,0.0011709472656250002,0.07345493137836456
83,0.006165947265625,0.07368568331003189
120,0.0036684472656250003,0.0749242901802063
47,0.008663447265625,0.07294448465108871
65,0.004917197265625,0.0738043487071991
138,0.009912197265625,0.07380229234695435
101,0.002419697265625,0.07760592550039291
29,0.007414697265625,0.07272554934024811
38,0.0030440722656250004,0.0736822858452797
111,0.008039072265625,0.0738079696893692
147,0.000546572265625,0.1506613940000534
74,0.005541572265625,0.07350614666938782
56,0.001795322265625,0.07506249845027924
129,0.006790322265625,0.07406970113515854
92,0.004292822265625,0.07439328730106354
20,0.009287822265625,0.07251006364822388
15,0.003980634765624999,0.07268234342336655
88,0.008975634765625,0.07352600991725922
124,0.0014831347656250001,0.09856749325990677
52,0.006478134765625,0.07337185740470886
70,0.000234384765625,0.13936804234981537
142,0.005229384765625,0.07494247704744339
106,0.002731884765625,0.07774999737739563
34,0.007726884765625,0.07281031459569931
24,0.002107509765625,0.07361268252134323
97,0.007102509765625,0.07356652617454529
133,0.004605009765625,0.07564235478639603
61,0.009600009765625,0.07320737838745117
43,0.0033562597656250004,0.07379580289125443
115,0.008351259765625,0.07381425052881241
79,0.0008587597656250001,0.09002344310283661
6,0.005853759765625,0.07230605185031891
6,0.004175751953125,0.07234995067119598
78,0.009170751953125,0.07340151816606522
115,0.0016782519531250001,0.0797627866268158
42,0.006673251953125,0.07315007597208023
60,0.00042950195312500003,0.0978805422782898
133,0.005424501953125,0.07509448379278183
96,0.002927001953125,0.07573112100362778
24,0.007922001953125,0.07256696373224258
33,0.0023026269531250003,0.07380835711956024
105,0.007297626953125,0.07385818660259247
142,0.004800126953125,0.07468016445636749
69,0.009795126953125,0.07322265952825546
51,0.003551376953125,0.07386834919452667
124,0.008546376953125,0.07387040555477142
87,0.0010538769531250002,0.0954892486333847
15,0.006048876953125,0.07254231721162796
19,0.0007416894531250001,0.07470373064279556
92,0.005736689453125,0.07392589747905731
128,0.003239189453125,0.07645417004823685
56,0.008234189453125,0.07320120185613632
74,0.004487939453125,0.07401755452156067
146,0.009482939453125,0.0739070251584053
110,0.0019904394531250003,0.07871037721633911
37,0.006985439453125,0.07301035523414612
28,0.0026148144531250002,0.07357073575258255
101,0.007609814453125,0.07390926033258438
137,0.000117314453125,0.513196587562561
65,0.005112314453125,0.0736389234662056
47,0.0013660644531250001,0.07534060627222061
119,0.006361064453125,0.07419309765100479
83,0.003863564453125,0.07443909347057343
10,0.008858564453125,0.07184741646051407
13,0.001834345703125,0.0731990709900856
85,0.006829345703125,0.07377637177705765
121,0.004331845703125,0.07521985471248627
49,0.009326845703125,0.07291257381439209
67,0.003083095703125,0.07461382448673248
139,0.008078095703125,0.07372088730335236
103,0.000585595703125,0.10134029388427734
31,0.005580595703125,0.07307250797748566
40,0.004956220703125,0.07331744581460953
112,0.009951220703125,0.0736624225974083
149,0.0024587207031250002,0.08051092177629471
76,0.007453720703125,0.0736343264579773
58,0.0012099707031250002,0.07746626436710358
130,0.006204970703125,0.07425140589475632
94,0.003707470703125,0.07445870339870453
22,0.008702470703125,0.07258646935224533
17,0.003395283203125,0.07288337498903275
90,0.008390283203125,0.07356562465429306
126,0.0008977832031250001,0.10482097417116165
53,0.005892783203125,0.073417067527771
71,0.0021465332031250003,0.07610626518726349
144,0.007141533203125,0.07415558397769928
108,0.004644033203125,0.07436887919902802
35,0.009639033203125,0.0726223737001419
26,0.00027340820312500005,0.08825130760669708
99,0.005268408203125,0.0740915834903717
135,0.002770908203125,0.07742874324321747
62,0.007765908203125,0.07330108433961868
44,0.004019658203125,0.07317233085632324
117,0.009014658203125,0.07376967370510101
81,0.0015221582031250001,0.08370234072208405
8,0.006517158203125,0.07227235287427902
7,0.000507548828125,0.0738428607583046
79,0.005502548828125,0.0738169252872467
116,0.003005048828125,0.07660550624132156
43,0.008000048828125,0.07308181375265121
61,0.004253798828125,0.07386546581983566
134,0.009248798828125,0.0734129548072815
98,0.001756298828125,0.08340752124786377
25,0.006751298828125,0.0727054700255394
34,0.003629423828125,0.07345994561910629
107,0.008624423828125,0.07344385236501694
143,0.0011319238281250002,0.10547240078449249
70,0.006126923828125,0.07361076027154922
52,0.0023806738281250002,0.07431870698928833
125,0.007375673828125,0.07392758131027222
88,0.0048781738281249995,0.07412928342819214
16,0.009873173828125,0.07247232645750046
21,0.004565986328125,0.0728025883436203
93,0.009560986328125,0.07311896979808807
129,0.0020684863281250003,0.08369683474302292
57,0.007063486328125,0.07331791520118713
75,0.0008197363281250001,0.09441312402486801
147,0.005814736328125,0.07493290305137634
111,0.003317236328125,0.07504155486822128
39,0.008312236328125,0.07291471213102341
30,0.0014441113281250001,0.07431206852197647
102,0.006439111328125,0.0737760066986084
138,0.003941611328125,0.07776051014661789
66,0.008936611328125,0.0732603669166565
48,0.002692861328125,0.07407628744840622
120,0.007687861328125,0.073947012424469
84,0.000195361328125,0.23940309882164001
11,0.0051903613281249995,0.07256804406642914
9,0.002848955078125,0.07263048738241196
82,0.007843955078125001,0.07356046140193939
118,0.00035145507812500004,0.14796528220176697
45,0.005346455078125,0.0733499675989151
64,0.0016002050781250001,0.07841524481773376
136,0.006595205078125,0.07438540458679199
100,0.004097705078125,0.07448969036340714
27,0.009092705078125,0.07256580144166946
36,0.0009758300781250001,0.07575910538434982
109,0.005970830078125,0.07396356761455536
145,0.003473330078125,0.0811222493648529
73,0.008468330078125001,0.07342670112848282
54,0.0047220800781249996,0.07364663481712341
127,0.009717080078125,0.07359068840742111
91,0.0022245800781250003,0.07603532075881958
18,0.007219580078125,0.07255058735609055
14,0.001912392578125,0.07331531494855881
86,0.006907392578125,0.07317069917917252
122,0.004409892578125,0.07456593960523605
50,0.009404892578125,0.07303090393543243
68,0.003161142578125,0.07424212247133255
141,0.008156142578125001,0.07405140995979309
104,0.0006636425781250001,0.09823022037744522
32,0.005658642578125,0.07303498685359955
23,0.003785517578125,0.07305197417736053
95,0.008780517578125,0.07351499795913696
132,0.0012880175781250002,0.09352234750986099
59,0.006283017578125,0.07349843531847
41,3.9267578125e-05,0.5486215949058533
113,0.0050342675781249995,0.07407528162002563
77,0.0025367675781250002,0.07530729472637177
