77,0.005005,0.11118969321250916
113,0.0025075,0.11144678294658661
41,0.0075025000000000005,0.11112716048955917
59,0.0037562500000000005,0.11353189498186111
131,0.00875125,0.11301381140947342
95,0.00125875,0.11336204409599304
23,0.00625375,0.10803921520709991
32,0.003131875,0.11271627992391586
104,0.008126875,0.11306213587522507
140,0.0006343750000000001,0.13985837996006012
68,0.005629375,0.11309272795915604
50,0.0018831250000000003,0.11126617342233658
122,0.006878125,0.11372032016515732
86,0.004380625,0.11146672815084457
14,0.009375625,0.10616059601306915
18,0.0046928125,0.10932546108961105
91,0.0096878125,0.11235514283180237
127,0.0021953125,0.11698121577501297
54,0.0071903125,0.10950401425361633
72,0.0009465625000000001,0.12265296280384064
145,0.0059415625,0.11401039361953735
109,0.0034440625,0.11510900408029556
36,0.0084390625,0.10799304395914078
27,0.0015709375,0.11332745850086212
100,0.0065659375,0.11331022530794144
136,0.0040684375,0.11545433104038239
63,0.0090634375,0.1111842542886734
45,0.0028196875,0.1120944544672966
118,0.0078146875,0.11246780306100845
82,0.00032218750000000005,0.155918687582016
9,0.0053171875,0.1064491868019104
11,0.00266359375,0.10990267246961594
84,0.0076585937500000005,0.11279032379388809
120,0.00016609375,0.3079383373260498
48,0.00516109375,0.11054982244968414
66,0.00141484375,0.11450259387493134
138,0.00640984375,0.11399480700492859
102,0.00391234375,0.11393082141876221
29,0.00890734375,0.10920436680316925
38,0.00079046875,0.11584778875112534
111,0.00578546875,0.11359963566064835
147,0.00328796875,0.11610430479049683
75,0.00828296875,0.11241627484560013
57,0.00453671875,0.10783270746469498
129,0.00953171875,0.11191964149475098
93,0.0020392187500000002,0.11468028277158737
20,0.00703421875,0.10782164335250854
16,0.00235140625,0.11168898642063141
88,0.00734640625,0.11141642183065414
125,0.00484890625,0.1144157275557518
52,0.00984390625,0.11078908294439316
70,0.00360015625,0.1138581782579422
143,0.00859515625,0.1096801832318306
106,0.0011026562500000001,0.1223747730255127
34,0.00609765625,0.11114967614412308
25,0.00422453125,0.11136433482170105
97,0.00921953125,0.11184293031692505
134,0.00172703125,0.11973799765110016
61,0.00672203125,0.11223062127828598
43,0.0004782812500000001,0.11827307194471359
116,0.00547328125,0.11395533382892609
79,0.00297578125,0.1147255226969719
7,0.00797078125,0.1055583655834198
8,0.003990390625,0.10696045309305191
80,0.008985390625,0.10832605510950089
117,0.001492890625,0.11388242989778519
44,0.006487890625,0.11078018695116043
62,0.00024414062500000005,0.14958548545837402
135,0.005239140625,0.10893956571817398
99,0.002741640625,0.11470163613557816
26,0.007736640625,0.10836931318044662
35,0.0021172656250000002,0.11374029517173767
108,0.007112265625,0.10820618271827698
144,0.0046147656249999995,0.10928120464086533
71,0.009609765625,0.11169863492250443
53,0.003366015625,0.11364684253931046
126,0.008361015625,0.1104150041937828
89,0.000868515625,0.12010006606578827
17,0.005863515625,0.10859636962413788
21,0.0011807031250000001,0.11360149830579758
94,0.006175703125,0.10802563279867172
130,0.003678203125,0.11548273265361786
58,0.008673203125,0.1107928603887558
76,0.0049269531249999995,0.1127421110868454
148,0.009921953125,0.11309147626161575
112,0.002429453125,0.11820758879184723
40,0.007424453125,0.10904188454151154
31,0.003053828125,0.11295344680547714
103,0.008048828125,0.10735645890235901
139,0.0005563281250000001,0.1528138369321823
67,0.005551328125,0.11227965354919434
49,0.001805078125,0.11361107975244522
121,0.006800078125,0.11382287740707397
85,0.0043025781249999995,0.11379314213991165
12,0.009297578125,0.10553738474845886
10,0.001336796875,0.11224165558815002
83,0.006331796875,0.10970990359783173
119,0.0038342968750000005,0.11393427848815918
46,0.008829296875,0.10759103298187256
65,0.002585546875,0.11380598694086075
137,0.007580546875,0.11376144737005234
101,8.8046875e-05,0.37825271487236023
28,0.005083046875,0.11055953055620193
37,0.0044586718749999995,0.1120731383562088
110,0.009453671875,0.11287397146224976
146,0.0019611718750000002,0.11955483257770538
74,0.006956171875,0.11141300201416016
55,0.0007124218750000001,0.12276732921600342
128,0.005707421875,0.1144743412733078
92,0.003209921875,0.11350809782743454
19,0.008204921875,0.10750948637723923
15,0.003522109375,0.1102028638124466
87,0.008517109375,0.11267155408859253
123,0.0010246093750000001,0.13013680279254913
51,0.006019609375,0.11209791898727417
69,0.002273359375,0.11451760679483414
142,0.007268359375,0.1120721772313118
105,0.0047708593749999995,0.10952228307723999
33,0.009765859375,0.10935510694980621
24,0.00040023437500000004,0.11665657162666321
96,0.005395234375,0.1134488433599472
133,0.002897734375,0.11466476321220398
60,0.007892734375,0.10918670147657394
42,0.0041464843749999996,0.1125839352607727
114,0.009141484375,0.10700520873069763
78,0.001648984375,0.11762755364179611
6,0.006643984375,0.10541746765375137
6,0.0033269921875000003,0.10638989508152008
79,0.0083219921875,0.11208571493625641
115,0.0008294921875,0.12575480341911316
42,0.0058244921875,0.11174962669610977
61,0.0020782421875,0.11412280052900314
133,0.0070732421875,0.11308078467845917
97,0.0045757421875,0.11315122991800308
24,0.0095707421875,0.10702171921730042
33,0.0002051171875,0.13887661695480347
106,0.0052001171875,0.1135401502251625
142,0.0027026171875000004,0.1156170442700386
70,0.0076976171875,0.1127045527100563
52,0.0039513671875,0.11320886015892029
124,0.0089463671875,0.1128423884510994
88,0.0014538671875,0.11839982867240906
15,0.0064488671875,0.1075395941734314
20,0.0017660546875,0.1127593144774437
92,0.0067610546875,0.11305035650730133
129,0.0042635546875,0.11464450508356094
56,0.0092585546875,0.11127328872680664
74,0.0030148046875000003,0.11398006230592728
147,0.0080098046875,0.11365974694490433
110,0.0005173046875000001,0.15005581080913544
38,0.0055123046875,0.10825884342193604
29,0.0048879296875,0.11128076165914536
101,0.0098829296875,0.11218984425067902
138,0.0023904296875,0.11853085458278656
65,0.0073854296875,0.11139166355133057
47,0.0011416796875000001,0.11644144356250763
119,0.0061366796874999996,0.11179731786251068
83,0.0036391796875000003,0.11133366078138351
11,0.0086341796875,0.10552272945642471
13,0.0006733984375000001,0.11391483247280121
85,0.0056683984375,0.11311773210763931
122,0.0031708984375000003,0.11574782431125641
49,0.0081658984375,0.1096966415643692
67,0.0044196484375,0.11259389668703079
140,0.009414648437500001,0.11282610148191452
104,0.0019221484375000002,0.11914398521184921
31,0.0069171484375,0.11059489846229553
40,0.0025465234375000004,0.11244948208332062
113,0.0075415234375,0.10998948663473129
149,4.90234375e-05,0.7678322792053223
76,0.0050440234375,0.11319755762815475
58,0.0012977734375,0.11579819768667221
131,0.0062927734375,0.11350865662097931
95,0.0037952734375000003,0.11438903957605362
22,0.008790273437500001,0.10787846893072128
18,0.0041074609375,0.1098981723189354
90,0.009102460937500001,0.10806046426296234
126,0.0016099609375,0.11742362380027771
54,0.0066049609375,0.10977689176797867
72,0.00036121093750000004,0.12458686530590057
144,0.0053562109375,0.10912124812602997
108,0.0028587109375000004,0.11123417317867279
36,0.0078537109375,0.10835447162389755
27,0.0022343359375,0.11266189068555832
99,0.0072293359375,0.11324465274810791
135,0.0047318359375,0.10950654745101929
63,0.009726835937500001,0.1109197735786438
45,0.0034830859375000003,0.11163035780191422
117,0.0084780859375,0.11291825026273727
81,0.0009855859375000001,0.12681704759597778
8,0.0059805859375,0.10569218546152115
7,0.0020001953125,0.1097782701253891
80,0.0069951953125,0.1087472066283226
116,0.0044976953125,0.11275460571050644
44,0.0094926953125,0.10870418697595596
62,0.0032489453125000003,0.11382182687520981
134,0.0082439453125,0.11000222712755203
98,0.0007514453125,0.1159139946103096
25,0.0057464453125,0.11039739102125168
35,0.0038733203125000002,0.11270274221897125
107,0.0088683203125,0.1108495220541954
143,0.0013758203125,0.12728829681873322
71,0.0063708203125,0.1126943901181221
53,0.0001270703125,0.19107860326766968
125,0.0051220703125,0.11322607100009918
89,0.0026245703125000004,0.11438465863466263
16,0.0076195703125,0.10704647749662399
21,0.0029367578125000003,0.11132364720106125
93,0.0079317578125,0.11161411553621292
130,0.00043925781250000003,0.15766997635364532
57,0.0054342578125,0.10778713971376419
75,0.0016880078125,0.11859046667814255
148,0.0066830078125,0.11415685713291168
112,0.0041855078125,0.11334501206874847
39,0.0091805078125,0.10990823805332184
30,0.0010636328125000001,0.11425085365772247
102,0.0060586328125,0.11171065270900726
139,0.0035611328125000003,0.11612357944250107
66,0.0085561328125,0.11206036806106567
48,0.0048098828125,0.11076470464468002
121,0.0098048828125,0.11326379328966141
84,0.0023123828125,0.11425244808197021
12,0.0073073828125,0.10610511898994446
10,0.0046537890625,0.10755646228790283
82,0.0096487890625,0.11075455695390701
118,0.0021562890625,0.1134093627333641
46,0.0071512890625,0.10863587260246277
64,0.0009075390625,0.12029284238815308
136,0.0059025390625,0.11413994431495667
100,0.0034050390625000003,0.11490882933139801
28,0.0084000390625,0.1084602102637291
37,0.0015319140625,0.1140458732843399
109,0.0065269140625,0.11368173360824585
146,0.0040294140625,0.11675240099430084
73,0.0090244140625,0.11207445710897446
55,0.0027806640625000004,0.11365921050310135
127,0.0077756640625,0.10825257748365402
91,0.00028316406250000005,0.15296675264835358
19,0.0052781640625,0.10931120812892914
14,0.0005953515625000001,0.1141522079706192
87,0.0055903515625,0.11361072957515717
123,0.0030928515625000003,0.11527778208255768
50,0.0080878515625,0.11035893112421036
69,0.0043416015625,0.1129949763417244
141,0.0093366015625,0.11248380690813065
105,0.0018441015625,0.12091071158647537
32,0.0068391015625,0.11062110215425491
23,0.0037172265625000003,0.1106601133942604
96,0.0087122265625,0.11260637640953064
132,0.0012197265625,0.12033720314502716
59,0.0062147265625,0.11244077980518341
41,0.0024684765625,0.1136498749256134
114,0.0074634765625,0.10706716030836105
78,0.0049659765625,0.11346851289272308
5,0.0099609765625,0.10256897658109665
5,0.00498548828125,0.10531103610992432
78,0.00998048828125,0.1119377464056015
114,0.0024879882812500003,0.11080025881528854
42,0.00748298828125,0.11101025342941284
60,0.00123923828125,0.11312900483608246
132,0.00623423828125,0.11269108206033707
96,0.00373673828125,0.1141185313463211
23,0.00873173828125,0.10691797733306885
33,0.0018636132812500001,0.11357345432043076
105,0.00685861328125,0.11328540742397308
141,0.00436111328125,0.11341536790132523
69,0.00935611328125,0.11143990606069565
51,0.0031123632812500002,0.1133602112531662
123,0.00810736328125,0.11327870190143585
87,0.0006148632812500001,0.14155226945877075
14,0.0056098632812499995,0.10810291767120361
19,0.00030267578125000005,0.11455286294221878
91,0.0052976757812499995,0.11379317194223404
128,0.0028001757812500003,0.11589056998491287
55,0.00779517578125,0.11135096102952957
73,0.00404892578125,0.11361285299062729
146,0.00904392578125,0.11354438960552216
110,0.0015514257812500002,0.12182582914829254
37,0.00654642578125,0.11102346330881119
28,0.00342455078125,0.11200948059558868
101,0.00841955078125,0.11249544471502304
137,0.00092705078125,0.1432684063911438
64,0.00592205078125,0.11122402548789978
46,0.0021758007812500003,0.11200413852930069
119,0.00717080078125,0.11110065132379532
82,0.00467330078125,0.11325059086084366
10,0.00966830078125,0.1054864227771759
12,0.0023318945312500003,0.11100940406322479
85,0.00732689453125,0.11146519333124161
121,0.00482939453125,0.11381114274263382
48,0.00982439453125,0.1081162840127945
67,0.00358064453125,0.1134985014796257
139,0.008575644531250001,0.11335877329111099
103,0.00108314453125,0.13338977098464966
30,0.00607814453125,0.10926375538110733
39,0.00420501953125,0.11172544956207275
112,0.00920001953125,0.11208921670913696
148,0.0017075195312500002,0.11578362435102463
76,0.00670251953125,0.11270079016685486
57,0.00045876953125000003,0.1210908442735672
130,0.0054537695312499995,0.11411271244287491
94,0.0029562695312500002,0.11475971341133118
21,0.00795126953125,0.10698071867227554
17,0.0026440820312500003,0.11160644888877869
89,0.00763908203125,0.11196725815534592
125,0.00014658203125,0.30576303601264954
53,0.0051415820312499996,0.11277922242879868
71,0.0013953320312500002,0.1244836300611496
144,0.00639033203125,0.10820745676755905
107,0.00389283203125,0.11311528831720352
35,0.008887832031250001,0.11013196408748627
26,0.00077095703125,0.1138618066906929
98,0.00576595703125,0.11046165227890015
134,0.00326845703125,0.11615394800901413
62,0.008263457031250001,0.11229684203863144
44,0.00451720703125,0.11178988218307495
116,0.00951220703125,0.11294103413820267
80,0.0020197070312500003,0.11304449290037155
8,0.00701470703125,0.10549597442150116
9,0.00100509765625,0.11262765526771545
81,0.00600009765625,0.1132393330335617
117,0.00350259765625,0.11439889669418335
45,0.00849759765625,0.10851136595010757
63,0.00475134765625,0.11279281973838806
136,0.00974634765625,0.1134200245141983
99,0.0022538476562500003,0.11505923420190811
27,0.00724884765625,0.1082734763622284
36,0.0028782226562500002,0.1121431440114975
108,0.00787322265625,0.10793837904930115
145,0.00038072265625000004,0.19313417375087738
72,0.00537572265625,0.10969275236129761
54,0.0016294726562500002,0.11395516246557236
127,0.00662447265625,0.10884624719619751
90,0.00412697265625,0.10985884070396423
18,0.00912197265625,0.10680866986513138
22,0.00381478515625,0.11117561906576157
95,0.00880978515625,0.11265593767166138
131,0.0013172851562500002,0.1172066479921341
59,0.00631228515625,0.11237966269254684
77,6.853515625e-05,0.37984025478363037
149,0.00506353515625,0.11354755610227585
113,0.0025660351562500003,0.11696739494800568
40,0.00756103515625,0.108876071870327
31,0.0019416601562500001,0.11369042843580246
104,0.00693666015625,0.11335306614637375
140,0.00443916015625,0.11496391892433167
68,0.00943416015625,0.11118923127651215
50,0.00319041015625,0.11286885291337967
122,0.00818541015625,0.11338280141353607
86,0.0006929101562500001,0.11993791162967682
13,0.00568791015625,0.10744690895080566
11,0.00365869140625,0.10904523730278015
84,0.00865369140625,0.11254002898931503
120,0.00116119140625,0.12130256742238998
47,0.00615619140625,0.10940732806921005
65,0.0024099414062500003,0.11363235116004944
138,0.00740494140625,0.11382298171520233
102,0.00490744140625,0.11193385720252991
29,0.00990244140625,0.10864163935184479
38,0.0005368164062500001,0.12324760109186172
111,0.00553181640625,0.1139807179570198
147,0.0030343164062500002,0.11671888083219528
74,0.00802931640625,0.11118630319833755
56,0.00428306640625,0.11321327090263367
129,0.00927806640625,0.1131538450717926
93,0.0017855664062500002,0.11750217527151108
20,0.00678056640625,0.10796373337507248
16,0.0014733789062500002,0.11279115825891495
88,0.00646837890625,0.11317367851734161
124,0.00397087890625,0.11477771401405334
52,0.00896587890625,0.11108926683664322
70,0.0027221289062500003,0.11407237499952316
142,0.00771712890625,0.11173457652330399
106,0.00022462890625,0.18042320013046265
34,0.00521962890625,0.11160246282815933
25,0.00459525390625,0.11111605167388916
97,0.00959025390625,0.11175546795129776
133,0.0020977539062500003,0.11752229183912277
61,0.00709275390625,0.1121063232421875
43,0.00084900390625,0.11616505682468414
115,0.00584400390625,0.11396488547325134
79,0.00334650390625,0.11438978463411331
6,0.00834150390625,0.10452176630496979
6,0.0016684960937500002,0.10976100713014603
78,0.00666349609375,0.11288336664438248
115,0.00416599609375,0.1151268482208252
42,0.00916099609375,0.11036210507154465
60,0.00291724609375,0.11184051632881165
133,0.00791224609375,0.11201329529285431
97,0.00041974609375000003,0.13782580196857452
24,0.00541474609375,0.10927148908376694
33,0.00479037109375,0.11178846657276154
106,0.00978537109375,0.11225659400224686
142,0.00229287109375,0.11437352746725082
69,0.00728787109375,0.1120753139257431
51,0.00104412109375,0.11851192265748978
124,0.00603912109375,0.11335108429193497
87,0.0035416210937500004,0.1140582337975502
15,0.00853662109375,0.10633638501167297
20,0.0032294335937500004,0.11097203195095062
92,0.00822443359375,0.11259181797504425
128,0.00073193359375,0.1321338713169098
56,0.00572693359375,0.11254763603210449
74,0.00198068359375,0.11562588810920715
146,0.0069756835937500004,0.11383168399333954
110,0.00447818359375,0.11421407759189606
38,0.00947318359375,0.10984954982995987
29,0.00010755859375,0.15507471561431885
101,0.00510255859375,0.11141160875558853
137,0.00260505859375,0.11734426021575928
65,0.00760005859375,0.11120837181806564
47,0.0038538085937500004,0.11066452413797379
119,0.00884880859375,0.11035003513097763
83,0.0013563085937500002,0.11596609652042389
10,0.00635130859375,0.10642150789499283
13,0.00432208984375,0.1089281365275383
85,0.00931708984375,0.11203417927026749
121,0.0018245898437500001,0.12041150778532028
49,0.00681958984375,0.11066999286413193
67,0.0005758398437500001,0.13347361981868744
140,0.00557083984375,0.11439952254295349
103,0.00307333984375,0.10946175456047058
31,0.00806833984375,0.1100628525018692
40,0.00244896484375,0.11242733150720596
112,0.00744396484375,0.11257994174957275
149,0.00494646484375,0.11434090882539749
76,0.009941464843750001,0.11187446117401123
58,0.0036977148437500004,0.11287321150302887
131,0.00869271484375,0.11301913857460022
94,0.00120021484375,0.12142658233642578
22,0.00619521484375,0.10939376056194305
17,0.00088802734375,0.113828144967556
90,0.00588302734375,0.10897299647331238
126,0.0033855273437500004,0.11448322236537933
53,0.00838052734375,0.11147506535053253
72,0.00463427734375,0.1101236566901207
144,0.009629277343750001,0.1073186844587326
108,0.00213677734375,0.112302266061306
35,0.00713177734375,0.11090012639760971
26,0.00276115234375,0.11231676489114761
99,0.00775615234375,0.11317941546440125
135,0.00026365234375000005,0.19404692947864532
63,0.00525865234375,0.112734854221344
44,0.0015124023437500002,0.11479474604129791
117,0.00650740234375,0.11342759430408478
81,0.00400990234375,0.1103801429271698
8,0.00900490234375,0.10555561631917953
7,0.00299529296875,0.107948437333107
80,0.00799029296875,0.10851165652275085
116,0.0004977929687500001,0.1364346295595169
43,0.00549279296875,0.11179695278406143
61,0.0017465429687500002,0.11500944942235947
134,0.00674154296875,0.11043862998485565
98,0.0042440429687499994,0.11185073852539062
25,0.00923904296875,0.10833810269832611
34,0.00112216796875,0.11486107110977173
107,0.00611716796875,0.11175905913114548
143,0.0036196679687500004,0.11467431485652924
70,0.00861466796875,0.11247352510690689
52,0.00486841796875,0.11271234601736069
125,0.00986341796875,0.11193576455116272
89,0.00237091796875,0.1138668805360794
16,0.00736591796875,0.10720470547676086
21,0.00205873046875,0.11222829669713974
93,0.00705373046875,0.11184989660978317
129,0.00455623046875,0.1146547794342041
57,0.00955123046875,0.11035259813070297
75,0.0033074804687500004,0.11418426036834717
148,0.00830248046875,0.11330849677324295
111,0.00080998046875,0.1214047521352768
39,0.00580498046875,0.1115201935172081
30,0.0039318554687499995,0.11130394041538239
102,0.00892685546875,0.11069854348897934
138,0.0014343554687500002,0.12606482207775116
66,0.00642935546875,0.11237955093383789
48,0.00018560546875,0.14286912977695465
120,0.00518060546875,0.11058444529771805
84,0.00268310546875,0.11504586040973663
12,0.00767810546875,0.10596071183681488
9,0.00034169921875000004,0.11438441276550293
82,0.00533669921875,0.11294888705015182
118,0.00283919921875,0.11688204854726791
46,0.00783419921875,0.10811616480350494
64,0.0040879492187499995,0.1135864406824112
136,0.00908294921875,0.11353608965873718
100,0.0015904492187500002,0.11846913397312164
27,0.00658544921875,0.10870788246393204
37,0.0034635742187500004,0.11267565935850143
109,0.00845857421875,0.11310040205717087
145,0.0009660742187500001,0.1325675994157791
73,0.00596107421875,0.11298856884241104
55,0.00221482421875,0.11344853788614273
127,0.00720982421875,0.10838503390550613
91,0.00471232421875,0.11391973495483398
18,0.00970732421875,0.10654265433549881
14,0.00440013671875,0.10921061038970947
86,0.00939513671875,0.10973139852285385
123,0.0019026367187500001,0.12510056793689728
50,0.00689763671875,0.11102211475372314
68,0.0006538867187500001,0.12777794897556305
141,0.00564888671875,0.11413305997848511
104,0.0031513867187500004,0.11519314348697662
32,0.00814638671875,0.11003978550434113
23,0.0012782617187500002,0.11326532810926437
95,0.00627326171875,0.11350598931312561
132,0.0037757617187500004,0.11346215009689331
59,0.00877076171875,0.11148965358734131
41,0.00252701171875,0.11364665627479553
114,0.00752201171875,0.10700548440217972
77,2.9511718750000004e-05,0.660671591758728
5,0.00502451171875,0.10530412942171097
5,0.0025172558593750003,0.10707710683345795
77,0.007512255859375,0.11037978529930115
114,1.9755859375e-05,0.4951876103878021
41,0.005014755859375,0.11231041699647903
59,0.001268505859375,0.11658740788698196
132,0.006263505859375,0.11363169550895691
96,0.003766005859375,0.11465496569871902
23,0.008761005859375,0.10691168159246445
32,0.0006441308593750001,0.11230483651161194
105,0.005639130859375,0.11354775726795197
141,0.0031416308593750003,0.11470828950405121
68,0.008136630859375,0.11221357434988022
50,0.004390380859375,0.11240516602993011
123,0.009385380859375,0.1129988357424736
86,0.0018928808593750002,0.1164928525686264
14,0.006887880859375,0.10723797231912613
19,0.0022050683593750004,0.11172377318143845
91,0.007200068359375,0.11305925995111465
127,0.004702568359375,0.10981813818216324
55,0.009697568359375,0.11058807373046875
73,0.0034538183593750002,0.11395590007305145
145,0.008448818359375,0.11368293315172195
109,0.0009563183593750001,0.12772159278392792
37,0.005951318359375,0.11130838096141815
28,0.004078193359375,0.11154196411371231
100,0.009073193359375,0.11263227462768555
136,0.0015806933593750002,0.12110402435064316
64,0.006575693359375,0.1125803217291832
46,0.00033194335937500004,0.13619372248649597
118,0.005326943359375,0.11303255707025528
82,0.0028294433593750003,0.1149052232503891
9,0.007824443359375,0.10564953833818436
12,0.000175849609375,0.11672607064247131
84,0.005170849609375,0.11367101967334747
120,0.0026733496093750003,0.11464595794677734
48,0.007668349609375,0.10920774191617966
66,0.003922099609375,0.11320947110652924
139,0.008917099609375,0.11325075477361679
102,0.001424599609375,0.11948295682668686
30,0.006419599609375,0.10908094793558121
39,0.0032977246093750003,0.11292906105518341
111,0.008292724609375,0.11283478140830994
148,0.0008002246093750001,0.1391330510377884
75,0.005795224609375,0.11298064142465591
57,0.002048974609375,0.11000869423151016
130,0.007043974609375,0.11362431198358536
93,0.004546474609375,0.11241922527551651
21,0.009541474609375,0.10653673857450485
16,0.004858662109375,0.10901225358247757
89,0.009853662109375,0.11138325184583664
125,0.0023611621093750004,0.11919014155864716
53,0.007356162109375,0.11187003552913666
71,0.001112412109375,0.12020333111286163
143,0.006107412109375,0.11074032634496689
107,0.0036099121093750002,0.11474189162254333
34,0.008604912109375,0.11005562543869019
25,0.0017367871093750002,0.11350549757480621
98,0.006731787109375,0.11004827171564102
134,0.004234287109375,0.11452700197696686
62,0.009229287109375,0.11198775470256805
43,0.0029855371093750003,0.11298418045043945
116,0.007980537109375,0.11329231411218643
80,0.0004880371093750001,0.11154206097126007
7,0.005483037109375,0.10592755675315857
8,0.001502646484375,0.11111753433942795
81,0.006497646484375,0.11307476460933685
117,0.004000146484375,0.11499864608049393
45,0.008995146484375001,0.1082279235124588
63,0.0027513964843750003,0.1115908995270729
135,0.007746396484375,0.10777697712182999
99,0.00025389648437500005,0.18903276324272156
26,0.005248896484375,0.11006416380405426
36,0.004624521484375,0.11090344935655594
108,0.009619521484375,0.10765454918146133
144,0.002127021484375,0.11098446696996689
72,0.007122021484375,0.10896284878253937
54,0.0008782714843750001,0.11840364336967468
126,0.0058732714843749995,0.11188802123069763
90,0.0033757714843750002,0.11102660000324249
17,0.008370771484375,0.10688517242670059
22,0.003687958984375,0.11127834022045135
94,0.008682958984375001,0.10745260119438171
131,0.001190458984375,0.11134578287601471
58,0.006185458984375,0.11202537268400192
76,0.0024392089843750004,0.11533316224813461
149,0.007434208984375,0.1136913001537323
113,0.004936708984375,0.11335989087820053
40,0.009931708984375,0.10769190639257431
31,0.000566083984375,0.11414729803800583
103,0.005561083984375,0.10812769830226898
140,0.0030635839843750003,0.11680644750595093
67,0.008058583984375,0.11140787601470947
49,0.004312333984375,0.1119287833571434
122,0.009307333984375001,0.11305439472198486
85,0.0018148339843750002,0.11585930734872818
13,0.006809833984375,0.10664541274309158
11,0.003844052734375,0.10859540104866028
83,0.008839052734375,0.10892058908939362
119,0.001346552734375,0.11315560340881348
47,0.006341552734375,0.10927809029817581
65,9.7802734375e-05,0.27247753739356995
137,0.005092802734375,0.11328284442424774
101,0.0025953027343750003,0.11402658373117447
29,0.007590302734375,0.1098417118191719
38,0.001970927734375,0.11041698604822159
110,0.006965927734375,0.11345019936561584
147,0.004468427734375,0.11552824825048447
74,0.009463427734375,0.11056215316057205
56,0.0032196777343750003,0.11336171627044678
128,0.008214677734375,0.11363229900598526
92,0.0007221777343750001,0.12369506061077118
20,0.0057171777343749995,0.10867685079574585
15,0.001034365234375,0.11344029754400253
88,0.006029365234375,0.11332886666059494
124,0.0035318652343750002,0.1149294376373291
51,0.008526865234375,0.11107433587312698
69,0.004780615234375,0.11278393864631653
142,0.009775615234375,0.1113489493727684
106,0.0022831152343750004,0.10993719100952148
33,0.007278115234375,0.11054383218288422
24,0.0029074902343750003,0.11193043738603592
97,0.007902490234375,0.11207257956266403
133,0.00040999023437500004,0.1327635943889618
60,0.005404990234375,0.11005610972642899
42,0.0016587402343750002,0.11368349939584732
115,0.006653740234375,0.113755963742733
79,0.004156240234375,0.11345361173152924
6,0.009151240234375,0.10397399216890335
7,0.0008392480468750001,0.11248068511486053
79,0.005834248046875,0.11278904229402542
115,0.003336748046875,0.11494130641222
43,0.008331748046875,0.11038659512996674
61,0.004585498046875,0.11300189048051834
133,0.009580498046875,0.11169179528951645
97,0.002087998046875,0.11571232229471207
25,0.007082998046875,0.10958945751190186
34,0.002712373046875,0.11316298693418503
106,0.007707373046875,0.11186515539884567
143,0.000214873046875,0.22295886278152466
70,0.005209873046875,0.11333702504634857
52,0.001463623046875,0.11434279382228851
124,0.006458623046875,0.1134384498000145
88,0.003961123046875,0.11425349116325378
16,0.008956123046875,0.10637710243463516
20,0.004273310546875,0.109897680580616
93,0.009268310546875,0.1114254891872406
129,0.0017758105468750002,0.11589818447828293
56,0.006770810546875,0.11213003098964691
75,0.000527060546875,0.11839431524276733
147,0.005522060546875,0.11429528892040253
111,0.003024560546875,0.1170196384191513
38,0.008019560546875,0.10993589460849762
29,0.002400185546875,0.11305595189332962
102,0.0073951855468750004,0.11110184341669083
138,0.004897685546875,0.11474563926458359
66,0.009892685546875,0.1114397794008255
47,0.0036489355468750004,0.11059141159057617
120,0.008643935546875,0.10772508382797241
84,0.001151435546875,0.13549618422985077
11,0.006146435546875,0.10644247382879257
13,0.003180654296875,0.110254667699337
86,0.008175654296875,0.11001752316951752
122,0.0006831542968750001,0.12547817826271057
50,0.005678154296875,0.11147437989711761
68,0.0019319042968750002,0.11432088911533356
140,0.006926904296875,0.11360859870910645
104,0.004429404296875,0.11407032608985901
32,0.009424404296875,0.10953687131404877
41,5.8779296875e-05,0.25470325350761414
113,0.005053779296875,0.11156034469604492
149,0.002556279296875,0.12151320278644562
77,0.007551279296875,0.11038344353437424
59,0.0038050292968750004,0.11346620321273804
131,0.008800029296875,0.11301761120557785
95,0.001307529296875,0.11579824239015579
22,0.006302529296875,0.10933081060647964
18,0.0016197167968750002,0.11277270317077637
90,0.006614716796875,0.10865841805934906
127,0.004117216796875,0.11250379681587219
54,0.009112216796875,0.10850977152585983
72,0.002868466796875,0.111922487616539
145,0.007863466796875,0.11374121159315109
109,0.00037096679687500004,0.1293184608221054
36,0.005365966796875,0.11044543236494064
27,0.004741591796875,0.11029715836048126
100,0.009736591796875001,0.11248982697725296
136,0.002244091796875,0.11392443627119064
63,0.0072390917968750005,0.11188606172800064
45,0.000995341796875,0.11108622699975967
118,0.005990341796875,0.11314952373504639
81,0.0034928417968750004,0.11417080461978912
9,0.008487841796875,0.10561443865299225
8,0.0045074511718749995,0.10645581781864166
80,0.009502451171875,0.10826525092124939
117,0.002009951171875,0.119244784116745
44,0.007004951171875,0.10996560752391815
62,0.0007612011718750001,0.12215480953454971
135,0.005756201171875,0.10937927663326263
98,0.003258701171875,0.11503619700670242
26,0.008253701171875,0.10811305046081543
35,0.001385576171875,0.11321093887090683
107,0.006380576171875,0.11168099194765091
144,0.0038830761718750004,0.11026161164045334
71,0.008878076171875,0.11190050840377808
53,0.002634326171875,0.1139059066772461
126,0.007629326171875,0.11068357527256012
89,0.000136826171875,0.2235170155763626
17,0.005131826171875,0.1091274544596672
21,0.00044901367187500003,0.1180414929986
94,0.005444013671875,0.10820330679416656
130,0.002946513671875,0.11563419550657272
58,0.007941513671875,0.11118165403604507
76,0.0041952636718749995,0.11349749565124512
148,0.009190263671875,0.11354746669530869
112,0.0016977636718750002,0.11811766773462296
39,0.006692763671875,0.11109893769025803
30,0.0035708886718750004,0.1115715354681015
103,0.008565888671875,0.10750220715999603
139,0.001073388671875,0.12048053741455078
67,0.006068388671875,0.11226280778646469
49,0.002322138671875,0.11298663914203644
121,0.007317138671875,0.11366723477840424
85,0.004819638671875,0.1134006604552269
12,0.009814638671875,0.10546175390481949
10,0.002166044921875,0.11072259396314621
83,0.007161044921875,0.10939088463783264
119,0.0046635449218749995,0.11205285787582397
46,0.009658544921875,0.10715152323246002
64,0.003414794921875,0.11385694891214371
137,0.008409794921875,0.11364544928073883
101,0.0009172949218750001,0.1213969811797142
28,0.005912294921875,0.10995074361562729
37,0.0040391699218749995,0.11237738281488419
110,0.009034169921875,0.11300885677337646
146,0.001541669921875,0.11756891757249832
73,0.006536669921875,0.11281584948301315
55,0.00029291992187500005,0.14307844638824463
128,0.005287919921875,0.11421474069356918
92,0.002790419921875,0.11498098075389862
19,0.007785419921875,0.10775049775838852
15,0.003102607421875,0.11068395525217056
87,0.008097607421875,0.11279749870300293
123,0.000605107421875,0.12347903847694397
51,0.005600107421875,0.11190073192119598
69,0.0018538574218750002,0.11507528275251389
141,0.006848857421875,0.1131468266248703
105,0.0043513574218749995,0.11385397613048553
33,0.009346357421875,0.10956119000911713
24,0.001229482421875,0.1135621890425682
96,0.006224482421875,0.11238736659288406
132,0.0037269824218750004,0.11558361351490021
60,0.008721982421875,0.10869617015123367
42,0.004975732421875,0.11216611415147781
114,0.009970732421875,0.10691651701927185
78,0.002478232421875,0.11600726842880249
5,0.007473232421875,0.10399823635816574
5,0.002497744140625,0.10710757970809937
78,0.007492744140625,0.1126641109585762
114,0.004995244140625,0.10849573463201523
41,0.009990244140625,0.11010126769542694
60,0.0037464941406250003,0.11082631349563599
132,0.008741494140625,0.11273076385259628
96,0.0012489941406250002,0.11489008367061615
23,0.006243994140625,0.10804973542690277
32,0.004370869140625,0.11192405223846436
105,0.009365869140625,0.11164716631174088
141,0.001873369140625,0.11687744408845901
69,0.006868369140625,0.11221631616353989
51,0.000624619140625,0.11327669024467468
123,0.005619619140625,0.11362776160240173
87,0.0031221191406250004,0.11430708318948746
14,0.008117119140625,0.10662414133548737
19,0.002809931640625,0.11143014580011368
91,0.007804931640625,0.1128685399889946
128,0.00031243164062500005,0.1333872675895691
55,0.005307431640625,0.11234422028064728
73,0.0015611816406250001,0.11487101763486862
146,0.0065561816406249996,0.11417276412248611
109,0.004058681640625,0.11481857299804688
37,0.009053681640625,0.10979527980089188
28,0.0009368066406250001,0.1150212287902832
100,0.005931806640625,0.11349798738956451
137,0.0034343066406250003,0.11433922499418259
64,0.008429306640625,0.11195672303438187
46,0.004683056640625,0.11015509814023972
118,0.009678056640625,0.1121630072593689
82,0.002185556640625,0.11463528126478195
10,0.007180556640625,0.10606157034635544
12,0.004839150390625,0.10782044380903244
85,0.009834150390625001,0.11188765615224838
121,0.002341650390625,0.11638106405735016
48,0.007336650390625,0.10915805399417877
66,0.0010929003906250002,0.11638373136520386
139,0.006087900390625,0.11414217948913574
103,0.0035904003906250003,0.11059380322694778
30,0.008585400390625,0.1076836884021759
39,0.001717275390625,0.11405321955680847
112,0.006712275390625,0.11275014281272888
148,0.004214775390625,0.11548621207475662
75,0.009209775390625001,0.11213734745979309
57,0.0029660253906250004,0.10911408066749573
130,0.007961025390625,0.11363499611616135
94,0.00046852539062500003,0.13675656914710999
21,0.005463525390625,0.10826784372329712
17,0.000156337890625,0.11973828822374344
89,0.005151337890625,0.1126711517572403
125,0.002653837890625,0.11514852941036224
53,0.007648837890625,0.11174043267965317
71,0.0039025878906250003,0.11345677822828293
143,0.008897587890625,0.10958011448383331
107,0.0014050878906250001,0.12059201300144196
35,0.006400087890625,0.11126725375652313
26,0.0032782128906250004,0.111808642745018
98,0.008273212890625,0.10958436876535416
134,0.0007807128906250001,0.13710035383701324
62,0.005775712890625,0.11305376142263412
44,0.002029462890625,0.11366655677556992
116,0.007024462890625,0.11348219960927963
80,0.004526962890625,0.10991735756397247
7,0.009521962890625001,0.10431857407093048
9,0.0035123535156250003,0.10825620591640472
81,0.008507353515625,0.11245250701904297
117,0.0010148535156250002,0.11852103471755981
45,0.006009853515625,0.11005563288927078
63,0.002263603515625,0.11468280851840973
135,0.007258603515625,0.10816054046154022
99,0.004761103515625,0.11402292549610138
27,0.009756103515625,0.10717266798019409
36,0.00039047851562500004,0.12896089255809784
108,0.005385478515625,0.10907743126153946
145,0.0028879785156250004,0.11395322531461716
72,0.007882978515625,0.10879518836736679
54,0.004136728515625,0.11091586202383041
126,0.009131728515625,0.11017833650112152
90,0.0016392285156250001,0.1189543679356575
18,0.006634228515625,0.10792785882949829
22,0.0013270410156250001,0.11349576711654663
95,0.006322041015625,0.11359389126300812
131,0.0038245410156250003,0.10842157900333405
58,0.008819541015625,0.11076804995536804
77,0.002575791015625,0.11281654238700867
149,0.007570791015625,0.11321908235549927
113,7.8291015625e-05,0.578986644744873
40,0.005073291015625,0.11062929779291153
31,0.004448916015625,0.11202578246593475
104,0.009443916015625,0.11265961825847626
140,0.001951416015625,0.11901836097240448
68,0.006946416015625,0.11259361356496811
49,0.0007026660156250001,0.11535961180925369
122,0.005697666015625,0.11406641453504562
86,0.0032001660156250004,0.11418545991182327
13,0.008195166015625,0.10601203143596649
11,0.0011709472656250002,0.11261633038520813
83,0.006165947265625,0.10982032865285873
120,0.0036684472656250003,0.11062675714492798
47,0.008663447265625,0.10776042938232422
65,0.004917197265625,0.11229236423969269
138,0.009912197265625,0.11306582391262054
101,0.002419697265625,0.11377903819084167
29,0.007414697265625,0.10992634296417236
38,0.0030440722656250004,0.10918538272380829
111,0.008039072265625,0.1128968596458435
147,0.000546572265625,0.15301057696342468
74,0.005541572265625,0.1116412878036499
56,0.001795322265625,0.11450657993555069
129,0.006790322265625,0.11384179443120956
92,0.004292822265625,0.11366049200296402
20,0.009287822265625,0.10684894025325775
15,0.003980634765624999,0.10972488671541214
88,0.008975634765625,0.11237848550081253
124,0.0014831347656250001,0.12401997298002243
52,0.006478134765625,0.11201345175504684
70,0.000234384765625,0.1604015827178955
142,0.005229384765625,0.11451683938503265
106,0.002731884765625,0.11497210711240768
34,0.007726884765625,0.11041533201932907
24,0.002107509765625,0.11268232017755508
97,0.007102509765625,0.11239931732416153
133,0.004605009765625,0.11438091844320297
61,0.009600009765625,0.11126957088708878
43,0.0033562597656250004,0.1130114495754242
115,0.008351259765625,0.11332761496305466
79,0.0008587597656250001,0.11878570914268494
6,0.005853759765625,0.10534366220235825
6,0.004175751953125,0.1057085171341896
78,0.009170751953125,0.11217788606882095
115,0.0016782519531250001,0.11990871280431747
42,0.006673251953125,0.11136208474636078
60,0.00042950195312500003,0.1311526745557785
133,0.005424501953125,0.11300025135278702
96,0.002927001953125,0.11562519520521164
24,0.007922001953125,0.10768288373947144
33,0.0023026269531250003,0.11344022303819656
105,0.007297626953125,0.11215721070766449
142,0.004800126953125,0.11453360319137573
69,0.009795126953125,0.1113157793879509
51,0.003551376953125,0.11314917355775833
124,0.008546376953125,0.1129184290766716
87,0.0010538769531250002,0.12309838086366653
15,0.006048876953125,0.1078772097826004
19,0.0007416894531250001,0.11323309689760208
92,0.005736689453125,0.11336138099431992
128,0.003239189453125,0.11540592461824417
56,0.008234189453125,0.11161291599273682
74,0.004487939453125,0.1121058240532875
146,0.009482939453125,0.11351967602968216
110,0.0019904394531250003,0.12032020837068558
37,0.006985439453125,0.1107824519276619
28,0.0026148144531250002,0.11262908577919006
101,0.007609814453125,0.11223319917917252
137,0.000117314453125,0.2747241258621216
65,0.005112314453125,0.11231265962123871
47,0.0013660644531250001,0.1148756667971611
119,0.006361064453125,0.11114393174648285
83,0.003863564453125,0.11122775077819824
10,0.008858564453125,0.10560324043035507
13,0.001834345703125,0.11205319315195084
85,0.006829345703125,0.11276043206453323
121,0.004331845703125,0.11475218087434769
49,0.009326845703125,0.10921663790941238
67,0.003083095703125,0.11357571929693222
139,0.008078095703125,0.11348701268434525
103,0.000585595703125,0.12690462172031403
31,0.005580595703125,0.11132343858480453
40,0.004956220703125,0.11069872230291367
112,0.009951220703125,0.1119060292840004
149,0.0024587207031250002,0.11753111332654953
76,0.007453720703125,0.112520731985569
58,0.0012099707031250002,0.11650613695383072
130,0.006204970703125,0.11383380740880966
94,0.003707470703125,0.11106579005718231
22,0.008702470703125,0.1078859195113182
17,0.003395283203125,0.11074880510568619
90,0.008390283203125,0.10812678188085556
126,0.0008977832031250001,0.13814468681812286
53,0.005892783203125,0.11242763698101044
71,0.0021465332031250003,0.1152198314666748
144,0.007141533203125,0.1084209755063057
108,0.004644033203125,0.11059107631444931
35,0.009639033203125,0.10985099524259567
26,0.00027340820312500005,0.1191248893737793
99,0.005268408203125,0.11384297162294388
135,0.002770908203125,0.11543872952461243
62,0.007765908203125,0.11246130615472794
44,0.004019658203125,0.11208269000053406
117,0.009014658203125,0.11288736760616302
81,0.0015221582031250001,0.11384381353855133
8,0.006517158203125,0.105562224984169
7,0.000507548828125,0.11344892531633377
79,0.005502548828125,0.11288181692361832
116,0.003005048828125,0.11518336832523346
43,0.008000048828125,0.11052224040031433
61,0.004253798828125,0.11306948959827423
134,0.009248798828125,0.10968320816755295
98,0.001756298828125,0.1178068071603775
25,0.006751298828125,0.10981623828411102
34,0.003629423828125,0.11257855594158173
107,0.008624423828125,0.11085369437932968
143,0.0011319238281250002,0.13296519219875336
70,0.006126923828125,0.1131126880645752
52,0.0023806738281250002,0.11373239010572433
125,0.007375673828125,0.11258754879236221
88,0.0048781738281249995,0.11353792250156403
16,0.009873173828125,0.10605135560035706
21,0.004565986328125,0.10904751718044281
93,0.009560986328125,0.11129011958837509
129,0.0020684863281250003,0.11843062192201614
57,0.007063486328125,0.10889410972595215
75,0.0008197363281250001,0.11686760187149048
147,0.005814736328125,0.11421270668506622
111,0.003317236328125,0.11627116799354553
39,0.008312236328125,0.11035166680812836
30,0.0014441113281250001,0.1131945550441742
102,0.006439111328125,0.11147075891494751
138,0.003941611328125,0.11454827338457108
66,0.008936611328125,0.11196115612983704
48,0.002692861328125,0.11207780987024307
120,0.007687861328125,0.10784870386123657
84,0.000195361328125,0.16739483177661896
11,0.0051903613281249995,0.10713779181241989
9,0.002848955078125,0.10931508243083954
82,0.007843955078125001,0.11228176951408386
118,0.00035145507812500004,0.18287543952465057
45,0.005346455078125,0.11043265461921692
64,0.0016002050781250001,0.11213628947734833
136,0.006595205078125,0.11298400163650513
100,0.004097705078125,0.11429346352815628
27,0.009092705078125,0.10740156471729279
36,0.0009758300781250001,0.11441711336374283
109,0.005970830078125,0.11372458189725876
145,0.003473330078125,0.11661648005247116
73,0.008468330078125001,0.11226125806570053
54,0.0047220800781249996,0.11069547384977341
127,0.009717080078125,0.10771133750677109
91,0.0022245800781250003,0.11605557054281235
18,0.007219580078125,0.10760342329740524
14,0.001912392578125,0.11217459291219711
86,0.006907392578125,0.11035095900297165
122,0.004409892578125,0.11333344131708145
50,0.009404892578125,0.10973659157752991
68,0.003161142578125,0.11406391859054565
141,0.008156142578125001,0.11266198754310608
104,0.0006636425781250001,0.12845607101917267
32,0.005658642578125,0.11120342463254929
23,0.003785517578125,0.11039251834154129
95,0.008780517578125,0.11273922771215439
132,0.0012880175781250002,0.12840475142002106
59,0.006283017578125,0.11239361017942429
41,3.9267578125e-05,0.33786991238594055
113,0.0050342675781249995,0.11079937219619751
77,0.0025367675781250002,0.11492300033569336
