77,0.005005,0.1025528535246849
113,0.0025075,0.10823630541563034
41,0.0075025000000000005,0.10154096782207489
59,0.0037562500000000005,0.10499168932437897
131,0.00875125,0.10437358170747757
95,0.00125875,0.12587356567382812
23,0.00625375,0.10048189759254456
32,0.003131875,0.10311871767044067
104,0.008126875,0.10391496121883392
140,0.0006343750000000001,0.138401061296463
68,0.005629375,0.10369071364402771
50,0.0018831250000000003,0.107465960085392
122,0.006878125,0.10512196272611618
86,0.004380625,0.10551313310861588
14,0.009375625,0.0953146293759346
18,0.0046928125,0.10036639869213104
91,0.0096878125,0.10286019742488861
127,0.0021953125,0.12234660983085632
54,0.0071903125,0.10032299906015396
72,0.0009465625000000001,0.1254439502954483
145,0.0059415625,0.10722865909337997
109,0.0034440625,0.1101168617606163
36,0.0084390625,0.10035702586174011
27,0.0015709375,0.10525541752576828
100,0.0065659375,0.10410018265247345
136,0.0040684375,0.11323437094688416
63,0.0090634375,0.10200964659452438
45,0.0028196875,0.10303457081317902
118,0.0078146875,0.10414669662714005
82,0.00032218750000000005,0.1444721221923828
9,0.0053171875,0.09574837982654572
11,0.00266359375,0.10084482282400131
84,0.0076585937500000005,0.10328315198421478
120,0.00016609375,0.20835140347480774
48,0.00516109375,0.10106929391622543
66,0.00141484375,0.11342768371105194
138,0.00640984375,0.10576460510492325
102,0.00391234375,0.1054236963391304
29,0.00890734375,0.10000617802143097
38,0.00079046875,0.11702386289834976
111,0.00578546875,0.10517732053995132
147,0.00328796875,0.11752882599830627
75,0.00828296875,0.10287563502788544
57,0.00453671875,0.10337062180042267
129,0.00953171875,0.10445041954517365
93,0.0020392187500000002,0.11179156601428986
20,0.00703421875,0.09856586903333664
16,0.00235140625,0.1021067202091217
88,0.00734640625,0.10346052050590515
125,0.00484890625,0.10628218948841095
52,0.00984390625,0.10141337662935257
70,0.00360015625,0.10522762686014175
143,0.00859515625,0.10262040048837662
106,0.0011026562500000001,0.12820091843605042
34,0.00609765625,0.10160189867019653
25,0.00422453125,0.10182210803031921
97,0.00921953125,0.10289818048477173
134,0.00172703125,0.1176391988992691
61,0.00672203125,0.10265836864709854
43,0.0004782812500000001,0.13833579421043396
116,0.00547328125,0.10619907081127167
79,0.00297578125,0.1070498377084732
7,0.00797078125,0.09445420652627945
8,0.003990390625,0.09660443663597107
80,0.008985390625,0.09969525039196014
117,0.001492890625,0.11531524360179901
44,0.006487890625,0.10174127668142319
62,0.00024414062500000005,0.1559215784072876
135,0.005239140625,0.10265194624662399
99,0.002741640625,0.11058114469051361
26,0.007736640625,0.09994029253721237
35,0.0021172656250000002,0.1044788807630539
108,0.007112265625,0.10025811940431595
144,0.0046147656249999995,0.10707219690084457
71,0.009609765625,0.10220842063426971
53,0.003366015625,0.10492963343858719
126,0.008361015625,0.10306355357170105
89,0.000868515625,0.11850136518478394
17,0.005863515625,0.09889653325080872
21,0.0011807031250000001,0.10501724481582642
94,0.006175703125,0.10293960571289062
130,0.003678203125,0.10825590789318085
58,0.008673203125,0.10181973874568939
76,0.0049269531249999995,0.10482245683670044
148,0.009921953125,0.10420943796634674
112,0.002429453125,0.11245225369930267
40,0.007424453125,0.10076264292001724
31,0.003053828125,0.10306666046380997
103,0.008048828125,0.10098112374544144
139,0.0005563281250000001,0.1457482874393463
67,0.005551328125,0.10323171317577362
49,0.001805078125,0.10734621435403824
121,0.006800078125,0.10520751029253006
85,0.0043025781249999995,0.10442434251308441
12,0.009297578125,0.09505479782819748
10,0.001336796875,0.10244007408618927
83,0.006331796875,0.10191453993320465
119,0.0038342968750000005,0.10956168919801712
46,0.008829296875,0.10010506212711334
65,0.002585546875,0.10736846178770065
137,0.007580546875,0.10476446151733398
101,8.8046875e-05,0.29211923480033875
28,0.005083046875,0.10141237825155258
37,0.0044586718749999995,0.10257280617952347
110,0.009453671875,0.10350096225738525
146,0.0019611718750000002,0.1352650374174118
74,0.006956171875,0.1026829183101654
55,0.0007124218750000001,0.1327924281358719
128,0.005707421875,0.10670861601829529
92,0.003209921875,0.10619920492172241
19,0.008204921875,0.0972578153014183
15,0.003522109375,0.10086154192686081
87,0.008517109375,0.10303596407175064
123,0.0010246093750000001,0.12885324656963348
51,0.006019609375,0.10258186608552933
69,0.002273359375,0.11071113497018814
142,0.007268359375,0.10452050715684891
105,0.0047708593749999995,0.10589848458766937
33,0.009765859375,0.09990961104631424
24,0.00040023437500000004,0.12084025889635086
96,0.005395234375,0.10555869340896606
133,0.002897734375,0.11661839485168457
60,0.007892734375,0.10000183433294296
42,0.0041464843749999996,0.1031387597322464
114,0.009141484375,0.10260605067014694
78,0.001648984375,0.11567133665084839
6,0.006643984375,0.09456577152013779
6,0.0033269921875000003,0.09600776433944702
79,0.0083219921875,0.10277105122804642
115,0.0008294921875,0.15751782059669495
42,0.0058244921875,0.10220691561698914
61,0.0020782421875,0.10973920673131943
133,0.0070732421875,0.10499396175146103
97,0.0045757421875,0.10569386184215546
24,0.0095707421875,0.09832537174224854
33,0.0002051171875,0.1602066159248352
106,0.0052001171875,0.10555262118577957
142,0.0027026171875000004,0.12214963883161545
70,0.0076976171875,0.10273653268814087
52,0.0039513671875,0.1040017381310463
124,0.0089463671875,0.1041698306798935
88,0.0014538671875,0.11440251022577286
15,0.0064488671875,0.09736793488264084
20,0.0017660546875,0.10340911895036697
92,0.0067610546875,0.10371571779251099
129,0.0042635546875,0.10722844302654266
56,0.0092585546875,0.10177046060562134
74,0.0030148046875000003,0.10612048953771591
147,0.0080098046875,0.10446657240390778
110,0.0005173046875000001,0.13728590309619904
38,0.0055123046875,0.10217101126909256
29,0.0048879296875,0.10179606080055237
101,0.0098829296875,0.10297218710184097
138,0.0023904296875,0.11487292498350143
65,0.0073854296875,0.10249253362417221
47,0.0011416796875000001,0.11394067853689194
119,0.0061366796874999996,0.10532702505588531
83,0.0036391796875000003,0.10406249761581421
11,0.0086341796875,0.09494811296463013
13,0.0006733984375000001,0.10565390437841415
85,0.0056683984375,0.10405989736318588
122,0.0031708984375000003,0.113510861992836
49,0.0081658984375,0.10123862326145172
67,0.0044196484375,0.1045735701918602
140,0.009414648437500001,0.10451334714889526
104,0.0019221484375000002,0.1178198829293251
31,0.0069171484375,0.1011759340763092
40,0.0025465234375000004,0.10373018682003021
113,0.0075415234375,0.10306474566459656
149,4.90234375e-05,0.4746586084365845
76,0.0050440234375,0.10445109009742737
58,0.0012977734375,0.11555013805627823
131,0.0062927734375,0.1055355966091156
95,0.0037952734375000003,0.10762161016464233
22,0.008790273437500001,0.09779597818851471
18,0.0041074609375,0.10088610649108887
90,0.009102460937500001,0.09962952882051468
126,0.0016099609375,0.11972051113843918
54,0.0066049609375,0.10046447068452835
72,0.00036121093750000004,0.1670284867286682
144,0.0053562109375,0.10549673438072205
108,0.0028587109375000004,0.1135220155119896
36,0.0078537109375,0.10057636350393295
27,0.0022343359375,0.10369972884654999
99,0.0072293359375,0.10421519726514816
135,0.0047318359375,0.10619425028562546
63,0.009726835937500001,0.10183799266815186
45,0.0034830859375000003,0.10217732936143875
117,0.0084780859375,0.10414522141218185
81,0.0009855859375000001,0.13791461288928986
8,0.0059805859375,0.09503298252820969
7,0.0020001953125,0.10039311647415161
80,0.0069951953125,0.1001862958073616
116,0.0044976953125,0.10794041305780411
44,0.0094926953125,0.10068459808826447
62,0.0032489453125000003,0.10509074479341507
134,0.0082439453125,0.10278993844985962
98,0.0007514453125,0.13081876933574677
25,0.0057464453125,0.10099444538354874
35,0.0038733203125000002,0.10281132161617279
107,0.0088683203125,0.10261958837509155
143,0.0013758203125,0.12746930122375488
71,0.0063708203125,0.10337483137845993
53,0.0001270703125,0.19081903994083405
125,0.0051220703125,0.1051466092467308
89,0.0026245703125000004,0.10910452902317047
16,0.0076195703125,0.09695356339216232
21,0.0029367578125000003,0.10227204859256744
93,0.0079317578125,0.10314422845840454
130,0.00043925781250000003,0.18301069736480713
57,0.0054342578125,0.1030186340212822
75,0.0016880078125,0.11079896241426468
148,0.0066830078125,0.10515552759170532
112,0.0041855078125,0.10869752615690231
39,0.0091805078125,0.10073769837617874
30,0.0010636328125000001,0.10972651094198227
102,0.0060586328125,0.10440139472484589
139,0.0035611328125000003,0.11087382584810257
66,0.0085561328125,0.10241930931806564
48,0.0048098828125,0.1014157235622406
121,0.0098048828125,0.10412375628948212
84,0.0023123828125,0.11035560816526413
12,0.0073073828125,0.09573086351156235
10,0.0046537890625,0.09686017036437988
82,0.0096487890625,0.10233095288276672
118,0.0021562890625,0.11224616318941116
46,0.0071512890625,0.10073094069957733
64,0.0009075390625,0.12540896236896515
136,0.0059025390625,0.1058279275894165
100,0.0034050390625000003,0.10875305533409119
28,0.0084000390625,0.09992404282093048
37,0.0015319140625,0.10770110785961151
109,0.0065269140625,0.10463748872280121
146,0.0040294140625,0.11307112872600555
73,0.0090244140625,0.10250319540500641
55,0.0027806640625000004,0.1055971309542656
127,0.0077756640625,0.10128847509622574
91,0.00028316406250000005,0.18013955652713776
19,0.0052781640625,0.10044437646865845
14,0.0005953515625000001,0.10671624541282654
87,0.0055903515625,0.10481845587491989
123,0.0030928515625000003,0.11516344547271729
50,0.0080878515625,0.10158947110176086
69,0.0043416015625,0.1048600971698761
141,0.0093366015625,0.10454390197992325
105,0.0018441015625,0.12813518941402435
32,0.0068391015625,0.10117984563112259
23,0.0037172265625000003,0.10193710029125214
96,0.0087122265625,0.10319393873214722
132,0.0012197265625,0.12511377036571503
59,0.0062147265625,0.10293102264404297
41,0.0024684765625,0.10420755296945572
114,0.0074634765625,0.10319577902555466
78,0.0049659765625,0.10517922043800354
5,0.0099609765625,0.09263617545366287
5,0.00498548828125,0.0945577621459961
78,0.00998048828125,0.10246969014406204
114,0.0024879882812500003,0.11054840683937073
42,0.00748298828125,0.101577527821064
60,0.00123923828125,0.11426249146461487
132,0.00623423828125,0.1064191684126854
96,0.00373673828125,0.10784989595413208
23,0.00873173828125,0.09877133369445801
33,0.0018636132812500001,0.105319082736969
105,0.00685861328125,0.10488972067832947
141,0.00436111328125,0.10981547087430954
69,0.00935611328125,0.10209736227989197
51,0.0031123632812500002,0.10542798042297363
123,0.00810736328125,0.10464850813150406
87,0.0006148632812500001,0.12641829252243042
14,0.0056098632812499995,0.09760290384292603
19,0.00030267578125000005,0.1212327629327774
91,0.0052976757812499995,0.10543806105852127
128,0.0028001757812500003,0.12088346481323242
55,0.00779517578125,0.10205551981925964
73,0.00404892578125,0.10560467094182968
146,0.00904392578125,0.10470589995384216
110,0.0015514257812500002,0.12315212190151215
37,0.00654642578125,0.10159672051668167
28,0.00342455078125,0.10244853049516678
101,0.00841955078125,0.10363191366195679
137,0.00092705078125,0.14347483217716217
64,0.00592205078125,0.10333838313817978
46,0.0021758007812500003,0.10461530089378357
119,0.00717080078125,0.10325693339109421
82,0.00467330078125,0.10532639175653458
10,0.00966830078125,0.09453028440475464
12,0.0023318945312500003,0.10146009176969528
85,0.00732689453125,0.10331537574529648
121,0.00482939453125,0.10785017162561417
48,0.00982439453125,0.10020598024129868
67,0.00358064453125,0.1056612879037857
139,0.008575644531250001,0.10480302572250366
103,0.00108314453125,0.12648215889930725
30,0.00607814453125,0.10099665820598602
39,0.00420501953125,0.1028231680393219
112,0.00920001953125,0.10361424833536148
148,0.0017075195312500002,0.12419604510068893
76,0.00670251953125,0.10343392938375473
57,0.00045876953125000003,0.13099774718284607
130,0.0054537695312499995,0.10777810215950012
94,0.0029562695312500002,0.11182909458875656
21,0.00795126953125,0.09875395894050598
17,0.0026440820312500003,0.10195109993219376
89,0.00763908203125,0.1031978577375412
125,0.00014658203125,0.21293389797210693
53,0.0051415820312499996,0.1031922772526741
71,0.0013953320312500002,0.11825837939977646
144,0.00639033203125,0.10321609675884247
107,0.00389283203125,0.10617261379957199
35,0.008887832031250001,0.10075321793556213
26,0.00077095703125,0.10834772884845734
98,0.00576595703125,0.10314393043518066
134,0.00326845703125,0.11269009858369827
62,0.008263457031250001,0.10240739583969116
44,0.00451720703125,0.1024441048502922
116,0.00951220703125,0.10366027802228928
80,0.0020197070312500003,0.11045122146606445
8,0.00701470703125,0.09471286833286285
9,0.00100509765625,0.10285990685224533
81,0.00600009765625,0.1041894480586052
117,0.00350259765625,0.109865702688694
45,0.00849759765625,0.10044988989830017
63,0.00475134765625,0.10374563187360764
136,0.00974634765625,0.10426393151283264
99,0.0022538476562500003,0.11687339842319489
27,0.00724884765625,0.10021479427814484
36,0.0028782226562500002,0.10299772769212723
108,0.00787322265625,0.10004153847694397
145,0.00038072265625000004,0.1980058252811432
72,0.00537572265625,0.10107429325580597
54,0.0016294726562500002,0.1080273687839508
127,0.00662447265625,0.10216695070266724
90,0.00412697265625,0.10370974987745285
18,0.00912197265625,0.0966886654496193
22,0.00381478515625,0.10166532546281815
95,0.00880978515625,0.10320282727479935
131,0.0013172851562500002,0.1301308274269104
59,0.00631228515625,0.10289176553487778
77,6.853515625e-05,0.25246450304985046
149,0.00506353515625,0.1096300408244133
113,0.0025660351562500003,0.11712045967578888
40,0.00756103515625,0.10075777024030685
31,0.0019416601562500001,0.10513319820165634
104,0.00693666015625,0.10451104491949081
140,0.00443916015625,0.10980802774429321
68,0.00943416015625,0.10225864499807358
50,0.00319041015625,0.10485242307186127
122,0.00818541015625,0.10458188503980637
86,0.0006929101562500001,0.1245298832654953
13,0.00568791015625,0.09718289226293564
11,0.00365869140625,0.09902750700712204
84,0.00865369140625,0.10309945046901703
120,0.00116119140625,0.12394213676452637
47,0.00615619140625,0.10124538093805313
65,0.0024099414062500003,0.10756932944059372
138,0.00740494140625,0.10576567053794861
102,0.00490744140625,0.10588554292917252
29,0.00990244140625,0.0991634801030159
38,0.0005368164062500001,0.1222657784819603
111,0.00553181640625,0.1059141606092453
147,0.0030343164062500002,0.11429062485694885
74,0.00802931640625,0.10229894518852234
56,0.00428306640625,0.10400067269802094
129,0.00927806640625,0.10419532656669617
93,0.0017855664062500002,0.11559172719717026
20,0.00678056640625,0.09945671260356903
16,0.0014733789062500002,0.10327108204364777
88,0.00646837890625,0.10431606322526932
124,0.00397087890625,0.1113927885890007
52,0.00896587890625,0.10166433453559875
70,0.0027221289062500003,0.10852430015802383
142,0.00771712890625,0.10439753532409668
106,0.00022462890625,0.2005256861448288
34,0.00521962890625,0.10200630873441696
25,0.00459525390625,0.10160655528306961
97,0.00959025390625,0.1027667373418808
133,0.0020977539062500003,0.10941485315561295
61,0.00709275390625,0.10253231227397919
43,0.00084900390625,0.1193261593580246
115,0.00584400390625,0.10565272718667984
79,0.00334650390625,0.10554959625005722
6,0.00834150390625,0.09436044842004776
6,0.0016684960937500002,0.1000748947262764
78,0.00666349609375,0.10364338755607605
115,0.00416599609375,0.10728399455547333
42,0.00916099609375,0.10101858526468277
60,0.00291724609375,0.10427846759557724
133,0.00791224609375,0.10414706915616989
97,0.00041974609375000003,0.1523534655570984
24,0.00541474609375,0.10081511735916138
33,0.00479037109375,0.10214979201555252
106,0.00978537109375,0.10309767723083496
142,0.00229287109375,0.11732270568609238
69,0.00728787109375,0.1027052253484726
51,0.00104412109375,0.1167229488492012
124,0.00603912109375,0.10547827929258347
87,0.0035416210937500004,0.10596070438623428
15,0.00853662109375,0.09605640918016434
20,0.0032294335937500004,0.10176016390323639
92,0.00822443359375,0.10327203571796417
128,0.00073193359375,0.14024481177330017
56,0.00572693359375,0.10303518921136856
74,0.00198068359375,0.11211038380861282
146,0.0069756835937500004,0.10664520412683487
110,0.00447818359375,0.10815893858671188
38,0.00947318359375,0.1001916453242302
29,0.00010755859375,0.1315915882587433
101,0.00510255859375,0.10547760128974915
137,0.00260505859375,0.11964819580316544
65,0.00760005859375,0.10246406495571136
47,0.0038538085937500004,0.10384274274110794
119,0.00884880859375,0.10217944532632828
83,0.0013563085937500002,0.11620461940765381
10,0.00635130859375,0.09549438953399658
13,0.00432208984375,0.09894099831581116
85,0.00931708984375,0.10275737196207047
121,0.0018245898437500001,0.11925652623176575
49,0.00681958984375,0.10158494859933853
67,0.0005758398437500001,0.1354926973581314
140,0.00557083984375,0.10821874439716339
103,0.00307333984375,0.11218509823083878
31,0.00806833984375,0.10075550526380539
40,0.00244896484375,0.10360731184482574
112,0.00744396484375,0.1037212461233139
149,0.00494646484375,0.10806028544902802
76,0.009941464843750001,0.10225062072277069
58,0.0036977148437500004,0.10390644520521164
131,0.00869271484375,0.1041589006781578
94,0.00120021484375,0.13709428906440735
22,0.00619521484375,0.10027197003364563
17,0.00088802734375,0.10594931989908218
90,0.00588302734375,0.10151029378175735
126,0.0033855273437500004,0.1129976361989975
53,0.00838052734375,0.10191169381141663
72,0.00463427734375,0.10202247649431229
144,0.009629277343750001,0.10003036260604858
108,0.00213677734375,0.11569257080554962
35,0.00713177734375,0.10134897381067276
26,0.00276115234375,0.10277494043111801
99,0.00775615234375,0.10415657609701157
135,0.00026365234375000005,0.1796254813671112
63,0.00525865234375,0.10330579429864883
44,0.0015124023437500002,0.10902933776378632
117,0.00650740234375,0.10498055070638657
81,0.00400990234375,0.1051936075091362
8,0.00900490234375,0.09450384229421616
7,0.00299529296875,0.09736932814121246
80,0.00799029296875,0.09975655376911163
116,0.0004977929687500001,0.15413108468055725
43,0.00549279296875,0.10228347778320312
61,0.0017465429687500002,0.10896377265453339
134,0.00674154296875,0.10456500202417374
98,0.0042440429687499994,0.10619131475687027
25,0.00923904296875,0.09829651564359665
34,0.00112216796875,0.10639285296201706
107,0.00611716796875,0.10427796840667725
143,0.0036196679687500004,0.1144505962729454
70,0.00861466796875,0.1024719700217247
52,0.00486841796875,0.10319143533706665
125,0.00986341796875,0.1032903715968132
89,0.00237091796875,0.11187519133090973
16,0.00736591796875,0.09707202762365341
21,0.00205873046875,0.10321070998907089
93,0.00705373046875,0.10371360182762146
129,0.00455623046875,0.10661235451698303
57,0.00955123046875,0.10025443881750107
75,0.0033074804687500004,0.10681786388158798
148,0.00830248046875,0.10478932410478592
111,0.00080998046875,0.1555936187505722
39,0.00580498046875,0.10198790580034256
30,0.0039318554687499995,0.10211990028619766
102,0.00892685546875,0.10241114348173141
138,0.0014343554687500002,0.14216876029968262
66,0.00642935546875,0.10322455316781998
48,0.00018560546875,0.145996555685997
120,0.00518060546875,0.10403356701135635
84,0.00268310546875,0.10822372138500214
12,0.00767810546875,0.09554525464773178
9,0.00034169921875000004,0.10763438791036606
82,0.00533669921875,0.10446864366531372
118,0.00283919921875,0.11571431905031204
46,0.00783419921875,0.10050037503242493
64,0.0040879492187499995,0.1051926538348198
136,0.00908294921875,0.10469485819339752
100,0.0015904492187500002,0.11215304583311081
27,0.00658544921875,0.10050515085458755
37,0.0034635742187500004,0.103042371571064
109,0.00845857421875,0.10416412353515625
145,0.0009660742187500001,0.13349398970603943
73,0.00596107421875,0.10378098487854004
55,0.00221482421875,0.10591357201337814
127,0.00720982421875,0.10215805470943451
91,0.00471232421875,0.10469447076320648
18,0.00970732421875,0.0964072197675705
14,0.00440013671875,0.09986092895269394
86,0.00939513671875,0.10128871351480484
123,0.0019026367187500001,0.12073088437318802
50,0.00689763671875,0.102012500166893
68,0.0006538867187500001,0.12284372746944427
141,0.00564888671875,0.10740483552217484
104,0.0031513867187500004,0.10823000222444534
32,0.00814638671875,0.10068172961473465
23,0.0012782617187500002,0.10513591766357422
95,0.00627326171875,0.10416542738676071
132,0.0037757617187500004,0.11047783493995667
59,0.00877076171875,0.10204964131116867
41,0.00252701171875,0.10490468889474869
114,0.00752201171875,0.10313840210437775
77,2.9511718750000004e-05,0.3700923025608063
5,0.00502451171875,0.09455160051584244
5,0.0025172558593750003,0.09647826105356216
77,0.007512255859375,0.1009921059012413
114,1.9755859375e-05,0.7177831530570984
41,0.005014755859375,0.10257779806852341
59,0.001268505859375,0.11841994524002075
132,0.006263505859375,0.10551062971353531
96,0.003766005859375,0.10844996571540833
23,0.008761005859375,0.09853269159793854
32,0.0006441308593750001,0.11165394634008408
105,0.005639130859375,0.10573340952396393
141,0.0031416308593750003,0.11496321111917496
68,0.008136630859375,0.10262817144393921
50,0.004390380859375,0.10339533537626266
123,0.009385380859375,0.10381004214286804
86,0.0018928808593750002,0.10838161408901215
14,0.006887880859375,0.09650088846683502
19,0.0022050683593750004,0.10277875512838364
91,0.007200068359375,0.10374310612678528
127,0.004702568359375,0.10696259886026382
55,0.009697568359375,0.10149981081485748
73,0.0034538183593750002,0.10592666268348694
145,0.008448818359375,0.10561555624008179
109,0.0009563183593750001,0.12431810796260834
37,0.005951318359375,0.10185535252094269
28,0.004078193359375,0.10198885947465897
100,0.009073193359375,0.10329194366931915
136,0.0015806933593750002,0.1215951219201088
64,0.006575693359375,0.10310418903827667
46,0.00033194335937500004,0.1169298067688942
118,0.005326943359375,0.10601457953453064
82,0.0028294433593750003,0.1079769879579544
9,0.007824443359375,0.09466669708490372
12,0.000175849609375,0.11849092692136765
84,0.005170849609375,0.10468623787164688
120,0.0026733496093750003,0.11303769052028656
48,0.007668349609375,0.10035751760005951
66,0.003922099609375,0.10493474453687668
139,0.008917099609375,0.10462436825037003
102,0.001424599609375,0.11518897116184235
30,0.006419599609375,0.10084159672260284
39,0.0032977246093750003,0.10361446440219879
111,0.008292724609375,0.10411261022090912
148,0.0008002246093750001,0.15744170546531677
75,0.005795224609375,0.10397203266620636
57,0.002048974609375,0.10852326452732086
130,0.007043974609375,0.10498392581939697
93,0.004546474609375,0.10474060475826263
21,0.009541474609375,0.097701296210289
16,0.004858662109375,0.09952341765165329
89,0.009853662109375,0.10250440984964371
125,0.0023611621093750004,0.12139791995286942
53,0.007356162109375,0.10225064307451248
71,0.001112412109375,0.1270134150981903
143,0.006107412109375,0.10688796639442444
107,0.0036099121093750002,0.10579603910446167
34,0.008604912109375,0.10061395168304443
25,0.0017367871093750002,0.1045413464307785
98,0.006731787109375,0.10143168270587921
134,0.004234287109375,0.10799267888069153
62,0.009229287109375,0.10217773914337158
43,0.0029855371093750003,0.10409333556890488
116,0.007980537109375,0.10446388274431229
80,0.0004880371093750001,0.1336638182401657
7,0.005483037109375,0.09490226209163666
8,0.001502646484375,0.10155770182609558
81,0.006497646484375,0.10391564667224884
117,0.004000146484375,0.10872358083724976
45,0.008995146484375001,0.10045848786830902
63,0.0027513964843750003,0.10769174993038177
135,0.007746396484375,0.10028225928544998
99,0.00025389648437500005,0.21388979256153107
26,0.005248896484375,0.10112184286117554
36,0.004624521484375,0.10158597677946091
108,0.009619521484375,0.09955773502588272
144,0.002127021484375,0.12544189393520355
72,0.007122021484375,0.10021734982728958
54,0.0008782714843750001,0.11943037807941437
126,0.0058732714843749995,0.10645550489425659
90,0.0033757714843750002,0.10425746440887451
17,0.008370771484375,0.09681571274995804
22,0.003687958984375,0.10174480825662613
94,0.008682958984375001,0.10098602622747421
131,0.001190458984375,0.1308249533176422
58,0.006185458984375,0.10269041359424591
76,0.0024392089843750004,0.10809686034917831
149,0.007434208984375,0.10528448969125748
113,0.004936708984375,0.10664502531290054
40,0.009931708984375,0.10007071495056152
31,0.000566083984375,0.12131364643573761
103,0.005561083984375,0.10371136665344238
140,0.0030635839843750003,0.11721956729888916
67,0.008058583984375,0.1023288145661354
49,0.004312333984375,0.10261295735836029
122,0.009307333984375001,0.10361336916685104
85,0.0018148339843750002,0.114021435379982
13,0.006809833984375,0.09630434960126877
11,0.003844052734375,0.09881991893053055
83,0.008839052734375,0.10035566240549088
119,0.001346552734375,0.12199944257736206
47,0.006341552734375,0.1011054515838623
65,9.7802734375e-05,0.16958250105381012
137,0.005092802734375,0.10785457491874695
101,0.0025953027343750003,0.10716937482357025
29,0.007590302734375,0.10056723654270172
38,0.001970927734375,0.10584041476249695
110,0.006965927734375,0.10439316928386688
147,0.004468427734375,0.1078437864780426
74,0.009463427734375,0.10193058848381042
56,0.0032196777343750003,0.10515696555376053
128,0.008214677734375,0.1048949807882309
92,0.0007221777343750001,0.1163753792643547
20,0.0057171777343749995,0.10013964772224426
15,0.001034365234375,0.10424919426441193
88,0.006029365234375,0.10394908487796783
124,0.0035318652343750002,0.10878720134496689
51,0.008526865234375,0.10167715698480606
69,0.004780615234375,0.10420149564743042
142,0.009775615234375,0.10340595990419388
106,0.0022831152343750004,0.11880379170179367
33,0.007278115234375,0.10104288160800934
24,0.0029074902343750003,0.10240969061851501
97,0.007902490234375,0.10339458286762238
133,0.00040999023437500004,0.18425379693508148
60,0.005404990234375,0.1010318174958229
42,0.0016587402343750002,0.1083778440952301
115,0.006653740234375,0.10545626282691956
79,0.004156240234375,0.10543523728847504
6,0.009151240234375,0.09391407668590546
7,0.0008392480468750001,0.10267205536365509
79,0.005834248046875,0.10375119745731354
115,0.003336748046875,0.10861863940954208
43,0.008331748046875,0.10116050392389297
61,0.004585498046875,0.10395186394453049
133,0.009580498046875,0.10336172580718994
97,0.002087998046875,0.11314909160137177
25,0.007082998046875,0.10004475712776184
34,0.002712373046875,0.10405470430850983
106,0.007707373046875,0.1039244681596756
143,0.000214873046875,0.19054633378982544
70,0.005209873046875,0.10352353006601334
52,0.001463623046875,0.1110774427652359
124,0.006458623046875,0.10580891370773315
88,0.003961123046875,0.10681204497814178
16,0.008956123046875,0.09616832435131073
20,0.004273310546875,0.10100692510604858
93,0.009268310546875,0.10269688069820404
129,0.0017758105468750002,0.11745112389326096
56,0.006770810546875,0.10253603756427765
75,0.000527060546875,0.13286595046520233
147,0.005522060546875,0.10625579953193665
111,0.003024560546875,0.10916854441165924
38,0.008019560546875,0.10075411945581436
29,0.002400185546875,0.10370690375566483
102,0.0073951855468750004,0.10301907360553741
138,0.004897685546875,0.11024614423513412
66,0.009892685546875,0.10206598043441772
47,0.0036489355468750004,0.10336518287658691
120,0.008643935546875,0.09994974732398987
84,0.001151435546875,0.12640142440795898
11,0.006146435546875,0.09601593017578125
13,0.003180654296875,0.10080552101135254
86,0.008175654296875,0.10173255950212479
122,0.0006831542968750001,0.1575346142053604
50,0.005678154296875,0.10248368978500366
68,0.0019319042968750002,0.10845916718244553
140,0.006926904296875,0.10637086629867554
104,0.004429404296875,0.10639148205518723
32,0.009424404296875,0.10024619102478027
41,5.8779296875e-05,0.20220521092414856
113,0.005053779296875,0.10525082796812057
149,0.002556279296875,0.11601176112890244
77,0.007551279296875,0.10099130123853683
59,0.0038050292968750004,0.10445275902748108
131,0.008800029296875,0.10427329689264297
95,0.001307529296875,0.12584494054317474
22,0.006302529296875,0.1002187505364418
18,0.0016197167968750002,0.10341305285692215
90,0.006614716796875,0.1008547842502594
127,0.004117216796875,0.10988715291023254
54,0.009112216796875,0.10011038929224014
72,0.002868466796875,0.10576453804969788
145,0.007863466796875,0.10592102259397507
109,0.00037096679687500004,0.17246991395950317
36,0.005365966796875,0.10130275040864944
27,0.004741591796875,0.10143139213323593
100,0.009736591796875001,0.10305101424455643
136,0.002244091796875,0.12437738478183746
63,0.0072390917968750005,0.10254869610071182
45,0.000995341796875,0.11717785894870758
118,0.005990341796875,0.10551097989082336
81,0.0034928417968750004,0.10703860223293304
9,0.008487841796875,0.09453625231981277
8,0.0045074511718749995,0.09599774330854416
80,0.009502451171875,0.0996352955698967
117,0.002009951171875,0.12624704837799072
44,0.007004951171875,0.10154321789741516
62,0.0007612011718750001,0.12772780656814575
135,0.005756201171875,0.10225586593151093
98,0.003258701171875,0.10786868631839752
26,0.008253701171875,0.09962956607341766
35,0.001385576171875,0.10749147832393646
107,0.006380576171875,0.10411954671144485
144,0.0038830761718750004,0.11452150344848633
71,0.008878076171875,0.10241257399320602
53,0.002634326171875,0.1053401529788971
126,0.007629326171875,0.10393823683261871
89,0.000136826171875,0.21236053109169006
17,0.005131826171875,0.10007288306951523
21,0.00044901367187500003,0.11835170537233353
94,0.005444013671875,0.10357639193534851
130,0.002946513671875,0.11435513198375702
58,0.007941513671875,0.10205528140068054
76,0.0041952636718749995,0.10461613535881042
148,0.009190263671875,0.1045500710606575
112,0.0016977636718750002,0.1190328299999237
39,0.006692763671875,0.10162021964788437
30,0.0035708886718750004,0.1022534966468811
103,0.008565888671875,0.10065653920173645
139,0.001073388671875,0.14784425497055054
67,0.006068388671875,0.10294659435749054
49,0.002322138671875,0.10633890330791473
121,0.007317138671875,0.10503855347633362
85,0.004819638671875,0.10450329631567001
12,0.009814638671875,0.09494999796152115
10,0.002166044921875,0.10117807239294052
83,0.007161044921875,0.10100506246089935
119,0.0046635449218749995,0.10581910610198975
46,0.009658544921875,0.09969904273748398
64,0.003414794921875,0.10541505366563797
137,0.008409794921875,0.10433020442724228
101,0.0009172949218750001,0.13362209498882294
28,0.005912294921875,0.1009899452328682
37,0.0040391699218749995,0.10287598520517349
110,0.009034169921875,0.10358351469039917
146,0.001541669921875,0.12580974400043488
73,0.006536669921875,0.10341178625822067
55,0.00029291992187500005,0.16215738654136658
128,0.005287919921875,0.1057751327753067
92,0.002790419921875,0.10965238511562347
19,0.007785419921875,0.09753690659999847
15,0.003102607421875,0.10122288018465042
87,0.008097607421875,0.10334476828575134
123,0.000605107421875,0.14464277029037476
51,0.005600107421875,0.10273604094982147
69,0.0018538574218750002,0.10725889354944229
141,0.006848857421875,0.10600433498620987
105,0.0043513574218749995,0.10741546750068665
33,0.009346357421875,0.10010023415088654
24,0.001229482421875,0.1058570146560669
96,0.006224482421875,0.10391908138990402
132,0.0037269824218750004,0.1155257448554039
60,0.008721982421875,0.09992258250713348
42,0.004975732421875,0.10256773233413696
114,0.009970732421875,0.1014416366815567
78,0.002478232421875,0.1102018803358078
5,0.007473232421875,0.09402381628751755
5,0.002497744140625,0.09655390679836273
78,0.007492744140625,0.10336139053106308
114,0.004995244140625,0.10540483891963959
41,0.009990244140625,0.10072870552539825
60,0.0037464941406250003,0.10330665856599808
132,0.008741494140625,0.10436857491731644
96,0.0012489941406250002,0.12681639194488525
23,0.006243994140625,0.1004866510629654
32,0.004370869140625,0.10231998562812805
105,0.009365869140625,0.10343583673238754
141,0.001873369140625,0.11540257185697556
69,0.006868369140625,0.10289578139781952
51,0.000624619140625,0.125782772898674
123,0.005619619140625,0.10691138356924057
87,0.0031221191406250004,0.10923987627029419
14,0.008117119140625,0.09584254026412964
19,0.002809931640625,0.10214470326900482
91,0.007804931640625,0.10371816158294678
128,0.00031243164062500005,0.20389361679553986
55,0.005307431640625,0.10301166027784348
73,0.0015611816406250001,0.11307653784751892
146,0.0065561816406249996,0.10657615959644318
109,0.004058681640625,0.10846109688282013
37,0.009053681640625,0.10068482160568237
28,0.0009368066406250001,0.1114460676908493
100,0.005931806640625,0.10543934255838394
137,0.0034343066406250003,0.1161685436964035
64,0.008429306640625,0.10245032608509064
46,0.004683056640625,0.1025821641087532
118,0.009678056640625,0.10336069017648697
82,0.002185556640625,0.10983124375343323
10,0.007180556640625,0.09510887414216995
12,0.004839150390625,0.09772385656833649
85,0.009834150390625001,0.10254862159490585
121,0.002341650390625,0.11239549517631531
48,0.007336650390625,0.1004028394818306
66,0.0010929003906250002,0.11871423572301865
139,0.006087900390625,0.10486641526222229
103,0.0035904003906250003,0.10485062748193741
30,0.008585400390625,0.09996886551380157
39,0.001717275390625,0.10685871541500092
112,0.006712275390625,0.10451480746269226
148,0.004214775390625,0.11148112267255783
75,0.009209775390625001,0.1025683656334877
57,0.0029660253906250004,0.1041678711771965
130,0.007961025390625,0.1045084148645401
94,0.00046852539062500003,0.16493681073188782
21,0.005463525390625,0.10059542953968048
17,0.000156337890625,0.13669444620609283
89,0.005151337890625,0.10528209060430527
125,0.002653837890625,0.11263372004032135
53,0.007648837890625,0.10214723646640778
71,0.0039025878906250003,0.10510462522506714
143,0.008897587890625,0.10246699303388596
107,0.0014050878906250001,0.11048782616853714
35,0.006400087890625,0.10162483900785446
26,0.0032782128906250004,0.10233219712972641
98,0.008273212890625,0.10068544000387192
134,0.0007807128906250001,0.13089779019355774
62,0.005775712890625,0.10344436764717102
44,0.002029462890625,0.10649952292442322
116,0.007024462890625,0.10495489090681076
80,0.004526962890625,0.10286270827054977
7,0.009521962890625001,0.09445781260728836
9,0.0035123535156250003,0.09777960181236267
81,0.008507353515625,0.10295610129833221
117,0.0010148535156250002,0.12494375556707382
45,0.006009853515625,0.10081760585308075
63,0.002263603515625,0.1069563552737236
135,0.007258603515625,0.1014520451426506
99,0.004761103515625,0.10506182909011841
27,0.009756103515625,0.0992756113409996
36,0.00039047851562500004,0.14142951369285583
108,0.005385478515625,0.10254434496164322
145,0.0028879785156250004,0.11036195605993271
72,0.007882978515625,0.09989135712385178
54,0.004136728515625,0.10236392915248871
126,0.009131728515625,0.10221181809902191
90,0.0016392285156250001,0.11898603290319443
18,0.006634228515625,0.09831013530492783
22,0.0013270410156250001,0.10517958551645279
95,0.006322041015625,0.10416238754987717
131,0.0038245410156250003,0.1077023595571518
58,0.008819541015625,0.10177955031394958
77,0.002575791015625,0.10742209106683731
149,0.007570791015625,0.10490487515926361
113,7.8291015625e-05,0.3492041230201721
40,0.005073291015625,0.10131198167800903
31,0.004448916015625,0.10225270688533783
104,0.009443916015625,0.10351147502660751
140,0.001951416015625,0.11627579480409622
68,0.006946416015625,0.10316378623247147
49,0.0007026660156250001,0.12986484169960022
122,0.005697666015625,0.10639771819114685
86,0.0032001660156250004,0.10774458199739456
13,0.008195166015625,0.0955481305718422
11,0.0011709472656250002,0.10298141092061996
83,0.006165947265625,0.1016898974776268
120,0.0036684472656250003,0.11145056784152985
47,0.008663447265625,0.10018640011548996
65,0.004917197265625,0.10405919700860977
138,0.009912197265625,0.10427344590425491
101,0.002419697265625,0.1120280995965004
29,0.007414697265625,0.1006372794508934
38,0.0030440722656250004,0.10376095026731491
111,0.008039072265625,0.10406242311000824
147,0.000546572265625,0.1548183262348175
74,0.005541572265625,0.10354671627283096
56,0.001795322265625,0.11131126433610916
129,0.006790322265625,0.10560692101716995
92,0.004292822265625,0.10754259675741196
20,0.009287822265625,0.09716539084911346
15,0.003980634765624999,0.10049836337566376
88,0.008975634765625,0.10298924148082733
124,0.0014831347656250001,0.12339605391025543
52,0.006478134765625,0.10249204188585281
70,0.000234384765625,0.18453828990459442
142,0.005229384765625,0.10571522265672684
106,0.002731884765625,0.10764912515878677
34,0.007726884765625,0.10093674808740616
24,0.002107509765625,0.10328015685081482
97,0.007102509765625,0.10400687903165817
133,0.004605009765625,0.10682374984025955
61,0.009600009765625,0.10177719593048096
43,0.0033562597656250004,0.10362371057271957
115,0.008351259765625,0.10386586934328079
79,0.0008587597656250001,0.14109791815280914
6,0.005853759765625,0.0946122258901596
6,0.004175751953125,0.0952376201748848
78,0.009170751953125,0.10266432911157608
115,0.0016782519531250001,0.12223166972398758
42,0.006673251953125,0.10187061131000519
60,0.00042950195312500003,0.13178902864456177
133,0.005424501953125,0.10660231113433838
96,0.002927001953125,0.1091400608420372
24,0.007922001953125,0.09902752190828323
33,0.0023026269531250003,0.10469239205121994
105,0.007297626953125,0.10406691581010818
142,0.004800126953125,0.10958024859428406
69,0.009795126953125,0.10198867321014404
51,0.003551376953125,0.10424763709306717
124,0.008546376953125,0.10437792539596558
87,0.0010538769531250002,0.13176827132701874
15,0.006048876953125,0.09786248207092285
19,0.0007416894531250001,0.10871999710798264
92,0.005736689453125,0.10430881381034851
128,0.003239189453125,0.11165307462215424
56,0.008234189453125,0.10206711292266846
74,0.004487939453125,0.1040073037147522
146,0.009482939453125,0.10468142479658127
110,0.0019904394531250003,0.12373089045286179
37,0.006985439453125,0.10142489522695541
28,0.0026148144531250002,0.10316728055477142
101,0.007609814453125,0.10399386286735535
137,0.000117314453125,0.3164359927177429
65,0.005112314453125,0.10373067855834961
47,0.0013660644531250001,0.10970719158649445
119,0.006361064453125,0.10446128249168396
83,0.003863564453125,0.10457450151443481
10,0.008858564453125,0.09464944154024124
13,0.001834345703125,0.10227234661579132
85,0.006829345703125,0.1037064865231514
121,0.004331845703125,0.11092951893806458
49,0.009326845703125,0.10084544867277145
67,0.003083095703125,0.10605037212371826
139,0.008078095703125,0.10457909852266312
103,0.000585595703125,0.1558569371700287
31,0.005580595703125,0.10172220319509506
40,0.004956220703125,0.10135973244905472
112,0.009951220703125,0.10278787463903427
149,0.0024587207031250002,0.12969790399074554
76,0.007453720703125,0.10303808748722076
58,0.0012099707031250002,0.11533249169588089
130,0.006204970703125,0.10591121017932892
94,0.003707470703125,0.10669377446174622
22,0.008702470703125,0.09788106381893158
17,0.003395283203125,0.10129427164793015
90,0.008390283203125,0.09970086067914963
126,0.0008977832031250001,0.15061289072036743
53,0.005892783203125,0.10282895714044571
71,0.0021465332031250003,0.10836631059646606
144,0.007141533203125,0.10175760090351105
108,0.004644033203125,0.10331828892230988
35,0.009639033203125,0.10052303224802017
26,0.00027340820312500005,0.13661213219165802
99,0.005268408203125,0.10582438111305237
135,0.002770908203125,0.11377503722906113
62,0.007765908203125,0.10252421349287033
44,0.004019658203125,0.10278500616550446
117,0.009014658203125,0.10385735332965851
81,0.0015221582031250001,0.11683685332536697
8,0.006517158203125,0.09484504163265228
7,0.000507548828125,0.10453656315803528
79,0.005502548828125,0.1044609397649765
116,0.003005048828125,0.11391530930995941
43,0.008000048828125,0.10127685964107513
61,0.004253798828125,0.10431685298681259
134,0.009248798828125,0.10273194313049316
98,0.001756298828125,0.11476244032382965
25,0.006751298828125,0.10052617639303207
34,0.003629423828125,0.10294009000062943
107,0.008624423828125,0.10258031636476517
143,0.0011319238281250002,0.11980795860290527
70,0.006126923828125,0.1033991351723671
52,0.0023806738281250002,0.1052827313542366
125,0.007375673828125,0.10442612320184708
88,0.0048781738281249995,0.1056293174624443
16,0.009873173828125,0.09584401547908783
21,0.004565986328125,0.10111358016729355
93,0.009560986328125,0.10260678827762604
129,0.0020684863281250003,0.12628740072250366
57,0.007063486328125,0.10173539072275162
75,0.0008197363281250001,0.1331649273633957
147,0.005814736328125,0.10763677209615707
111,0.003317236328125,0.10981862992048264
39,0.008312236328125,0.10102742165327072
30,0.0014441113281250001,0.10610220581293106
102,0.006439111328125,0.10348846018314362
138,0.003941611328125,0.11075136810541153
66,0.008936611328125,0.10231227427721024
48,0.002692861328125,0.10370270907878876
120,0.007687861328125,0.10039506107568741
84,0.000195361328125,0.1575903743505478
11,0.0051903613281249995,0.0967249795794487
9,0.002848955078125,0.09938991069793701
82,0.007843955078125001,0.10297980159521103
118,0.00035145507812500004,0.20660777390003204
45,0.005346455078125,0.10106643289327621
64,0.0016002050781250001,0.11267060786485672
136,0.006595205078125,0.10642794519662857
100,0.004097705078125,0.10586466640233994
27,0.009092705078125,0.09917744994163513
36,0.0009758300781250001,0.10887608677148819
109,0.005970830078125,0.10460822284221649
145,0.003473330078125,0.1099986582994461
73,0.008468330078125001,0.10261047631502151
54,0.0047220800781249996,0.10143515467643738
127,0.009717080078125,0.10014880448579788
91,0.0022245800781250003,0.11063570529222488
18,0.007219580078125,0.09807972609996796
14,0.001912392578125,0.10234533250331879
86,0.006907392578125,0.10212574154138565
122,0.004409892578125,0.10834363847970963
50,0.009404892578125,0.10117185115814209
68,0.003161142578125,0.10637469589710236
141,0.008156142578125001,0.10483261942863464
104,0.0006636425781250001,0.13971486687660217
32,0.005658642578125,0.10168369114398956
23,0.003785517578125,0.10188814252614975
95,0.008780517578125,0.1032872349023819
132,0.0012880175781250002,0.13527634739875793
59,0.006283017578125,0.10282738506793976
41,3.9267578125e-05,0.27946239709854126
113,0.0050342675781249995,0.10479627549648285
77,0.0025367675781250002,0.10864747315645218
