0.047252483665943146
0.1594749391078949
0.1763344407081604
0.10225920379161835
0.07332514226436615
0.08502502739429474
0.14268042147159576
0.08322576433420181
0.06523685157299042
0.06346028298139572
0.11244504153728485
0.08954566717147827
0.0869157612323761
0.05733555555343628
0.09303627163171768
0.06577147543430328
0.1061519980430603
0.11828567087650299
0.09739045053720474
0.12984557449817657
0.047965157777071
0.0857292115688324
0.060485005378723145
0.059514936059713364
0.14135299623012543
0.10047179460525513
0.12215686589479446
0.06354040652513504
0.06734434515237808
0.0892527773976326
0.07623971253633499
0.05863472819328308
0.09368747472763062
0.14910836517810822
0.07726605981588364
0.07146008312702179
0.08439621329307556
0.105062335729599
0.08493057638406754
0.06229720264673233
0.1134834736585617
0.10097107291221619
0.12281249463558197
0.06594537198543549
0.1125241219997406
0.12688463926315308
0.08740773051977158
0.10087506473064423
0.06570238620042801
0.12009674310684204
0.07571297883987427
0.058168649673461914
0.11667350679636002
0.0729152113199234
0.12854909896850586
0.10049845278263092
0.08084578812122345
0.06414539366960526
0.10499963164329529
0.07798968255519867
0.11644572764635086
0.06749597191810608
0.11852935701608658
0.09242486208677292
0.08013588935136795
0.05205848813056946
0.08140424638986588
0.0476510226726532
0.0830698311328888
0.04943609610199928
0.07308077067136765
0.06970436871051788
0.14234556257724762
0.08358798921108246
0.10075847804546356
0.1191595047712326
0.14131371676921844
0.09682503342628479
0.08741015940904617
0.0636342316865921
0.048380881547927856
0.06404997408390045
0.06326466798782349
0.0940500870347023
0.08791937679052353
0.13585004210472107
0.0876985639333725
0.0804409384727478
0.07422375679016113
0.052420590072870255
0.12215780466794968
0.13340575993061066
0.09298771619796753
0.12714700400829315
0.14086362719535828
0.10332278907299042
0.06005189195275307
0.09186985343694687
0.07145587354898453
0.04858280345797539
0.06279470771551132
0.11443827301263809
0.12735602259635925
0.07595546543598175
0.1520272046327591
0.0943717285990715
0.07877067476511002
0.06883013993501663
0.08942139893770218
0.11444994807243347
0.042846839874982834
0.12535272538661957
0.05992138758301735
0.057977344840765
0.061981186270713806
0.09453531354665756
0.05418595299124718
0.14802369475364685
0.08268340677022934
0.06833511590957642
0.13208021223545074
0.12003657966852188
0.07723978161811829
0.07812733203172684
0.06011431664228439
0.0629684254527092
0.0982000008225441
0.14861546456813812
0.11842803657054901
0.04906855523586273
0.08034203946590424
0.061575789004564285
0.11010252684354782
0.20999789237976074
0.07035030424594879
0.0630783662199974
0.07001090049743652
0.11290625482797623
0.05089956149458885
0.06104244664311409
0.05640363693237305
0.06875244528055191
0.0650198683142662
0.10478764772415161
0.056106314063072205
0.09773833304643631
0.06485925614833832
0.07275839895009995
0.09014854580163956
0.12277859449386597
0.06368103623390198
0.06055523827672005
0.05943277105689049
0.06481751799583435
0.05291280522942543
0.04256373271346092
0.1262529045343399
0.0578249953687191
0.09103305637836456
0.11220472306013107
0.07869333028793335
0.07415388524532318
0.07947724312543869
0.061588410288095474
0.060646772384643555
0.07043740153312683
0.08332425355911255
0.06409987062215805
0.07735508680343628
0.12688155472278595
0.05982883274555206
0.056211184710264206
0.05352954566478729
0.1300252377986908
0.08897148817777634
0.063715361058712
0.08301594853401184
0.07004792243242264
0.06532136350870132
0.15993808209896088
0.12083750218153
0.07417711615562439
0.08597055077552795
0.08816703408956528
0.06534726172685623
0.07624436914920807
0.1040421649813652
0.060600634664297104
0.05184313282370567
0.13487480580806732
0.1458396166563034
0.07953706383705139
0.06596066802740097
0.09310101717710495
0.13634783029556274
0.07544447481632233
0.05350109562277794
0.09881915152072906
0.06014615297317505
0.10605458915233612
0.07331378012895584
0.10284406691789627
0.10767737030982971
0.11466462165117264
0.07472872734069824
0.06654462218284607
0.06918849050998688
0.08406161516904831
0.061321742832660675
0.08750493824481964
0.09205210953950882
0.07105612754821777
0.08481165766716003
0.060956791043281555
0.07850676029920578
0.11177317053079605
0.12500829994678497
0.08344752341508865
0.10422660410404205
0.07688312232494354
0.07960435003042221
0.12221743166446686
0.045160554349422455
0.09755032509565353
0.053537141531705856
0.0698583573102951
0.0823361724615097
0.06301899254322052
0.05932653695344925
0.0715114027261734
0.0633939728140831
0.08527834713459015
0.06797558814287186
0.13155828416347504
0.14034846425056458
0.11823722720146179
0.06292126327753067
0.10297448933124542
0.0965445414185524
0.11090625077486038
0.14221222698688507
0.07027766853570938
0.08170262724161148
0.05522849038243294
0.13227200508117676
0.09182833880186081
0.06974757462739944
0.07309602200984955
0.10006404668092728
0.06281206756830215
0.06808369606733322
0.046365052461624146
0.11725171655416489
0.0836913213133812
0.09555213153362274
0.07902335375547409
0.1167512759566307
0.07626990973949432
0.08406464010477066
0.06319569051265717
0.12484004348516464
0.10377614945173264
0.060944072902202606
0.1266721785068512
0.1478772610425949
0.08464263379573822
0.07692825049161911
0.16367097198963165
0.07024519890546799
0.06301078200340271
0.10251696407794952
0.06738807260990143
0.09513498842716217
0.06613527983427048
0.05475164204835892
0.04007544741034508
0.06473224610090256
0.047421228140592575
0.12239491194486618
0.13201116025447845
0.08165836334228516
0.11229552328586578
0.06639228016138077
0.058429889380931854
0.12397556006908417
0.09132840484380722
0.12475036829710007
0.1195102110505104
0.14858675003051758
0.08698204159736633
0.05996013805270195
0.06777680665254593
0.05534300580620766
0.09242598712444305
0.08039991557598114
0.12675358355045319
0.1205504909157753
0.09504696726799011
0.12254262715578079
0.06432365626096725
0.06834954768419266
0.06193855404853821
0.12497591972351074
0.10795067250728607
0.11687307059764862
0.06762532144784927
0.11733587831258774
0.11235775053501129
0.06140049919486046
0.10054291784763336
0.07131528854370117
0.05992245301604271
0.057399213314056396
0.0711616575717926
0.07739993184804916
0.061931733042001724
0.10851674526929855
0.06587720662355423
0.05467876046895981
0.06842046976089478
0.1298082023859024
0.07384730875492096
0.07297907769680023
0.11873388290405273
0.10585160553455353
0.06663187593221664
0.08213398605585098
0.1095961257815361
0.13698728382587433
0.06682543456554413
0.12489120662212372
0.06192849949002266
0.09680876135826111
0.07455654442310333
0.10945163667201996
0.13647602498531342
0.09190460294485092
0.07097320258617401
0.06343011558055878
0.12456022202968597
0.10719359666109085
0.06146109476685524
0.10438931733369827
0.07724795490503311
0.07933930307626724
0.1119200736284256
0.06199513375759125
0.07478715479373932
0.06679593771696091
0.13418982923030853
0.061959002166986465
0.1389799863100052
0.06975333392620087
0.04089974984526634
0.13847865164279938
0.09731262177228928
0.08371198922395706
0.06468754261732101
0.12246279418468475
0.16364428400993347
0.10841762274503708
0.12059693038463593
0.07610785216093063
0.08992340415716171
0.06841706484556198
0.08993954956531525
0.17317669093608856
0.10313033312559128
0.08977973461151123
0.06695437431335449
0.05306125804781914
0.06136902794241905
0.09717768430709839
0.06755295395851135
0.09894702583551407
0.13059186935424805
0.06696947664022446
0.11782287061214447
0.07659987360239029
0.07954802364110947
0.07360748201608658
0.08492586016654968
0.05307769775390625
0.07636931538581848
0.06633761525154114
0.06260473281145096
0.061452772468328476
0.14600583910942078
0.07875220477581024
0.08663420379161835
0.059974554926157
0.05939852446317673
0.06778179854154587
0.0993119329214096
0.07082114368677139
0.06215906888246536
0.06541115045547485
0.11601561307907104
0.05764389783143997
0.06363039463758469
0.10353560000658035
0.11748050153255463
0.15253150463104248
0.07142888754606247
0.06684459745883942
0.11121846735477448
0.09161925315856934
0.07285302877426147
0.08972320705652237
0.08296707272529602
0.1160285621881485
0.05073985829949379
0.05692487210035324
0.05589161068201065
0.05301746726036072
0.07353448867797852
0.05056941136717796
0.056323494762182236
0.06371622532606125
0.08466355502605438
0.10194040834903717
0.07841793447732925
0.17884743213653564
0.0764632523059845
0.07983047515153885
0.0879315659403801
0.057683248072862625
0.13357053697109222
0.0576506145298481
0.0811188593506813
0.08619875460863113
0.12415917962789536
0.10826670378446579
0.06053057312965393
0.09333023428916931
0.12160107493400574
0.05128736421465874
0.16510838270187378
0.038035038858652115
0.10747681558132172
0.10525429993867874
0.11679528653621674
0.09461986273527145
0.11646318435668945
0.05953465402126312
0.054132554680109024
0.06014546379446983
0.10215045511722565
0.1273103803396225
0.052566852420568466
0.07907120883464813
0.049144573509693146
0.12576882541179657
0.0880049541592598
0.10241106152534485
0.06806118041276932
0.11780109256505966
0.06927383691072464
0.06702221184968948
0.053860243409872055
0.12899725139141083
0.084262914955616
0.10913008451461792
0.04456230252981186
0.08226051181554794
0.07919784635305405
0.12738171219825745
0.0911949872970581
0.050740402191877365
0.08014848083257675
0.056542206555604935
0.06023610383272171
0.15588855743408203
0.14368438720703125
0.05729226395487785
0.08148249238729477
0.12598876655101776
0.1018831729888916
0.10405828058719635
0.08651655912399292
0.10975158214569092
0.06323664635419846
0.10333509743213654
0.09738180786371231
0.060730982571840286
0.06648226827383041
0.10905946046113968
0.07195242494344711
0.05543363839387894
0.08497489243745804
0.05802962929010391
0.07182709127664566
0.08225810527801514
0.13085100054740906
0.06330723315477371
0.09636791795492172
0.058285005390644073
0.07376206666231155
0.12245900928974152
0.09171340614557266
0.06668783724308014
0.047274719923734665
0.06544874608516693
0.07846672087907791
0.08639021962881088
0.07270732522010803
0.07733579725027084
0.0608380101621151
0.13302800059318542
0.05837385356426239
0.07482189685106277
0.07125286012887955
0.10418972373008728
0.04953992739319801
0.11014626920223236
0.08017824590206146
0.06988375633955002
0.058832984417676926
0.08068753778934479
0.08855968713760376
0.06203656643629074
0.05996940657496452
0.04762262478470802
0.13533249497413635
0.05927611142396927
0.10830799490213394
0.10551337897777557
0.05831027776002884
0.14682058990001678
0.04861130192875862
0.10822094231843948
0.08538850396871567
0.04315795749425888
0.07719787210226059
0.08763793110847473
0.05223224684596062
0.05633210763335228
0.11839667707681656
0.1446455419063568
0.08063851296901703
0.11313866078853607
0.12848716974258423
0.08285744488239288
0.08117102831602097
0.08726916462182999
0.10242533683776855
0.09282828122377396
0.061740849167108536
0.08711475878953934
0.14917466044425964
0.060775648802518845
0.08073867112398148
0.12856245040893555
0.08724448829889297
0.13764116168022156
0.11192049086093903
0.08825357258319855
0.06334565579891205
0.08462872356176376
0.09623101353645325
0.07444973289966583
0.06420924514532089
0.08728637546300888
0.08384302258491516
0.08627544343471527
0.09337423741817474
0.05710574612021446
0.06225807964801788
0.07181902974843979
0.07297390699386597
0.08712095022201538
0.07146285474300385
0.13955266773700714
0.057072222232818604
0.0635080486536026
0.1200268417596817
0.040035076439380646
0.05410085618495941
0.07743038237094879
0.06220575049519539
0.05235198512673378
0.11745750159025192
0.10968007147312164
0.12548872828483582
0.07602553069591522
0.11713800579309464
0.12394655495882034
0.05036458373069763
0.08167769014835358
0.05440244823694229
0.06595620512962341
0.11231554299592972
0.1271643340587616
0.0738675519824028
0.06331098079681396
0.042977120727300644
0.109028160572052
0.06173654645681381
0.08726948499679565
0.06910762935876846
0.06482111662626266
0.13069206476211548
0.05160660669207573
0.07512194663286209
0.14519426226615906
0.05714116990566254
0.10983210057020187
0.09207851439714432
0.12145044654607773
0.038857560604810715
0.118341825902462
0.04904942959547043
0.10704740136861801
0.05837952718138695
0.06227536499500275
0.04737037792801857
0.1299043446779251
0.10643947869539261
0.04663874953985214
0.0759955644607544
0.0626809373497963
0.059627752751111984
0.0857454165816307
0.07581733167171478
0.04025142267346382
0.06149836629629135
0.05738895386457443
0.049719344824552536
0.1507977545261383
0.08712849766016006
0.05046255514025688
0.05552392080426216
0.07152879983186722
0.07407501339912415
0.08716793358325958
0.07299826294183731
0.06859103590250015
0.14410023391246796
0.1289912611246109
0.05602645501494408
0.07271216809749603
0.07683869451284409
0.1262437403202057
0.11518384516239166
0.06661327183246613
0.07793880254030228
0.055137429386377335
0.0848100483417511
0.11456064134836197
0.14195603132247925
0.05320174992084503
0.11365874111652374
0.12510976195335388
0.11434313654899597
0.14716100692749023
0.07675768435001373
0.15920361876487732
0.07617390155792236
0.09408918768167496
0.06258393079042435
0.11751090735197067
0.07025283575057983
0.1280965507030487
0.07600086182355881
0.053097087889909744
0.07086272537708282
0.06226459518074989
0.08896631002426147
0.11659080535173416
0.06600239872932434
0.06935715675354004
0.06971190869808197
0.06810911744832993
0.16133882105350494
0.05480870604515076
0.10493914037942886
0.0590064711868763
0.04613593965768814
0.07513413578271866
0.07717570662498474
0.04685022681951523
0.07464394718408585
0.13934311270713806
0.11990402638912201
0.06461723148822784
0.11872570216655731
0.07545042037963867
0.10091642290353775
0.16780970990657806
0.06563659012317657
0.04698017239570618
0.12129437923431396
0.05683964490890503
0.14334243535995483
0.07953455299139023
0.07483047991991043
0.1565413922071457
0.15081186592578888
0.07639274001121521
0.05184555426239967
0.08087209612131119
0.04762795567512512
0.07769166678190231
0.0477413646876812
0.13481587171554565
0.09551452100276947
0.087431900203228
0.07393879443407059
0.14708197116851807
0.12761759757995605
0.08630111813545227
0.12528584897518158
0.06718873232603073
0.09405125677585602
0.12385483086109161
0.1182417944073677
0.09700746089220047
0.06852459162473679
0.07677073031663895
0.13176210224628448
0.0757632851600647
0.06125153601169586
0.1353074163198471
0.11901126056909561
0.1050092875957489
0.0717739462852478
0.07720045000314713
0.07190771400928497
0.12243691831827164
0.05060216784477234
0.06320846080780029
0.10959120839834213
0.0568055585026741
0.062777079641819
0.08248037844896317
0.047571245580911636
0.0671941488981247
0.07853510975837708
0.12668997049331665
0.0530153289437294
0.10266067087650299
0.13564151525497437
0.12350669503211975
0.12653034925460815
0.07868942618370056
0.08272019028663635
0.06310153752565384
0.09694061428308487
0.1312287151813507
0.07529992610216141
0.10196703672409058
0.09218503534793854
0.10270749777555466
0.07351361215114594
0.05495470017194748
0.06804730743169785
0.12459534406661987
0.0985901802778244
0.047476887702941895
0.08820733428001404
0.06541529297828674
0.05756327137351036
0.12895365059375763
0.06207263842225075
0.08283554762601852
0.07521649450063705
0.05321287736296654
0.12320461124181747
0.06107595935463905
0.15491145849227905
0.11274442076683044
0.06315606087446213
0.08089583367109299
0.0504637137055397
0.11216554045677185
0.08246687054634094
0.13846413791179657
0.05260086804628372
0.08972520381212234
0.1097189411520958
0.06461130082607269
0.07412362098693848
0.08219653367996216
0.10260060429573059
0.10150394588708878
0.049844469875097275
0.06716089695692062
0.11359541863203049
0.07266835868358612
0.07738014310598373
0.059958651661872864
0.13154400885105133
0.06298576295375824
0.16928638517856598
0.06761839985847473
0.048303328454494476
0.0691378191113472
0.0734955221414566
0.16800880432128906
0.08723179250955582
0.0628865584731102
0.07405334711074829
0.07368309050798416
0.10313170403242111
0.1244840919971466
0.05930110067129135
0.07293617725372314
0.05476962774991989
0.11156989634037018
0.08786960691213608
0.05206555128097534
0.0579930879175663
0.07065607607364655
0.07397092878818512
0.16083118319511414
0.057719290256500244
0.06604470312595367
0.05509444698691368
0.06436854600906372
0.04654688760638237
0.08670371770858765
0.09343000501394272
0.05364398658275604
0.07918267697095871
0.05907086282968521
0.07234060764312744
0.053685855120420456
0.1555018275976181
0.06834495067596436
0.07586880028247833
0.11084414273500443
0.2079666703939438
0.052155863493680954
0.06328703463077545
0.04958966001868248
0.05951636657118797
0.07588188350200653
0.1185101568698883
0.0721665769815445
0.1376095414161682
0.06356193125247955
0.06773831695318222
0.11596321314573288
0.1395065039396286
0.05779723450541496
0.1289542019367218
0.12111660838127136
0.048914335668087006
0.11349823325872421
0.0551772303879261
0.06774307042360306
0.06114073470234871
0.0976722463965416
0.15804700553417206
0.10765986144542694
0.07585541903972626
0.07009902596473694
0.06671912968158722
0.06772376596927643
0.06603103131055832
0.18282721936702728
0.048077210783958435
0.059283431619405746
0.08227991312742233
0.08146838843822479
0.126623272895813
0.08145970106124878
0.051544759422540665
0.1071266308426857
0.12908361852169037
0.0913909301161766
0.09620870649814606
0.12108273804187775
0.08342299610376358
0.057451579719781876
0.10644426196813583
0.1332581490278244
0.13163237273693085
0.11988991498947144
0.12357012182474136
0.13172972202301025
0.06743063032627106
0.10524234920740128
0.0824386477470398
0.08874201029539108
0.09648241102695465
0.06256087869405746
0.07010673731565475
0.060564178973436356
0.0848381295800209
0.09246236830949783
0.061850205063819885
0.0832521915435791
0.12701264023780823
0.06583068519830704
0.08054361492395401
0.06999167054891586
0.06350471079349518
0.047137171030044556
0.0847897008061409
0.06575212627649307
0.06553615629673004
0.07684815675020218
0.051055748015642166
0.06340118497610092
0.13576817512512207
0.06700301170349121
0.12997257709503174
0.1250496804714203
0.07771521061658859
0.06745749711990356
0.06202346459031105
0.12921705842018127
0.08033575862646103
0.07486818730831146
0.16153410077095032
0.09401705116033554
0.10192238539457321
0.06292250007390976
0.0697605088353157
0.1142403855919838
0.12734811007976532
0.10704650729894638
0.08113621175289154
0.12985046207904816
0.06356609612703323
0.1203303337097168
0.0706973671913147
0.10371609032154083
0.09555301815271378
0.09748058021068573
0.07792741805315018
0.06830383092164993
0.12273919582366943
0.11020836979150772
0.06572890281677246
0.1034579649567604
0.08509055525064468
0.05707820877432823
0.06655256450176239
0.15235617756843567
0.05976121872663498
0.07304417341947556
0.08397645503282547
0.06095915660262108
0.14842726290225983
0.13300460577011108
0.06785395741462708
0.081302210688591
0.043918538838624954
0.04100203141570091
0.061196599155664444
0.09836390614509583
0.17429491877555847
0.0657266229391098
0.08232758194208145
0.049900688230991364
0.10097044706344604
0.08647916465997696
0.12547793984413147
0.06682589650154114
0.1109602302312851
0.08632183820009232
0.08270857483148575
0.10178802907466888
0.05836542695760727
0.13671384751796722
0.08213305473327637
0.09947675466537476
0.07270953804254532
0.07125543057918549
0.0805712565779686
0.0995839461684227
0.06491772830486298
0.059276990592479706
0.08724646270275116
0.07343324273824692
0.1460607647895813
0.07839787006378174
0.07573167234659195
0.07006487995386124
0.07588452100753784
0.07698430120944977
0.06474114954471588
0.09986598044633865
0.06249567121267319
0.0779326930642128
0.12461777776479721
0.05118434503674507
0.05726210027933121
0.1079888865351677
0.12327688187360764
0.12428630888462067
0.13237619400024414
0.05269983410835266
0.0812431275844574
0.11384053528308868
0.11413542181253433
0.12140941619873047
0.1396419256925583
