0.04865039885044098
0.15097007155418396
0.1773255318403244
0.09732493758201599
0.07513408362865448
0.08771903067827225
0.1421886831521988
0.08354956656694412
0.06744956225156784
0.06588511914014816
0.10276330262422562
0.09156250953674316
0.08647637814283371
0.05763903260231018
0.09482324123382568
0.06688248366117477
0.103814035654068
0.11841391772031784
0.0861852616071701
0.13043120503425598
0.04621623083949089
0.085698701441288
0.05976446717977524
0.059335313737392426
0.13026219606399536
0.10080783814191818
0.10966932773590088
0.06487984955310822
0.06735147535800934
0.08661118149757385
0.06985219568014145
0.05909908935427666
0.09576573222875595
0.15040673315525055
0.07933153212070465
0.07228030264377594
0.08448978513479233
0.10157881677150726
0.08513764292001724
0.06286569684743881
0.1138233169913292
0.09795259684324265
0.1254524290561676
0.06613744050264359
0.11135371774435043
0.12365609407424927
0.08657030016183853
0.09188050776720047
0.06675165146589279
0.11276198923587799
0.07832576334476471
0.05909675732254982
0.11190963536500931
0.07204818725585938
0.1292782872915268
0.09834745526313782
0.08143144845962524
0.0655076801776886
0.10424823313951492
0.06929036974906921
0.11789020895957947
0.066737100481987
0.11610407382249832
0.09066050499677658
0.07974155992269516
0.05298873037099838
0.08376427739858627
0.048349980264902115
0.08761483430862427
0.050910960882902145
0.07634969055652618
0.07170527428388596
0.14262661337852478
0.08429203927516937
0.09372099488973618
0.11761938780546188
0.1408630907535553
0.09681768715381622
0.08590057492256165
0.06346144527196884
0.04925468564033508
0.06471793353557587
0.06124613434076309
0.09186536073684692
0.08349325507879257
0.13436248898506165
0.08763208985328674
0.08370973914861679
0.0773526132106781
0.05476509779691696
0.1051425188779831
0.13233597576618195
0.08597655594348907
0.1292395144701004
0.1424209326505661
0.09719639271497726
0.0586085170507431
0.09118137508630753
0.07298339158296585
0.04959876462817192
0.061653636395931244
0.09599209576845169
0.11695392429828644
0.0781223401427269
0.15412239730358124
0.09377464652061462
0.080410435795784
0.06931748241186142
0.08948729187250137
0.11134117096662521
0.0442829430103302
0.0939219743013382
0.06068810820579529
0.05417186766862869
0.06279151141643524
0.09532010555267334
0.056315887719392776
0.14931078255176544
0.08678475767374039
0.07061592489480972
0.12800000607967377
0.09683065116405487
0.07733016461133957
0.0805957168340683
0.06141488999128342
0.06364836543798447
0.09822479635477066
0.14563247561454773
0.1167546734213829
0.04980498179793358
0.08312422037124634
0.06373842060565948
0.10580556839704514
0.21018821001052856
0.07132017612457275
0.06460457295179367
0.07207641750574112
0.10717625170946121
0.05016009509563446
0.061649274080991745
0.05798364803195
0.06892560422420502
0.06703967601060867
0.10431087762117386
0.053117815405130386
0.08754230290651321
0.0641118735074997
0.07840988785028458
0.08920960873365402
0.12253080308437347
0.06376612931489944
0.06334542483091354
0.05882146954536438
0.06587034463882446
0.052856218069791794
0.043142739683389664
0.12411216646432877
0.05962467938661575
0.09526295959949493
0.10580898821353912
0.07487627118825912
0.07279853522777557
0.07922494411468506
0.06098752096295357
0.06174946576356888
0.07188976556062698
0.08237157016992569
0.06392718106508255
0.07917740195989609
0.11069601774215698
0.06038547307252884
0.05750584602355957
0.054659005254507065
0.12257980555295944
0.09043630212545395
0.0650763213634491
0.08328662067651749
0.07205802947282791
0.06245589256286621
0.16034018993377686
0.10848183929920197
0.07622484117746353
0.08289977163076401
0.0794379785656929
0.06280755251646042
0.07800117880105972
0.10470511019229889
0.06205145642161369
0.05194868519902229
0.13622169196605682
0.1428021639585495
0.07911892235279083
0.06660463660955429
0.09423480182886124
0.12876857817173004
0.07377272099256516
0.05056155100464821
0.09322675317525864
0.061027299612760544
0.10288215428590775
0.0626947432756424
0.09956935793161392
0.0954013243317604
0.10377262532711029
0.07523872703313828
0.06835620105266571
0.06905272603034973
0.08486277610063553
0.06271408498287201
0.08960912376642227
0.08991239964962006
0.07066724449396133
0.085137739777565
0.06314470618963242
0.07919859886169434
0.1102772206068039
0.1252250224351883
0.08584699779748917
0.10148508101701736
0.07811398804187775
0.07939080148935318
0.11655683815479279
0.0488581545650959
0.09788472205400467
0.053696367889642715
0.07304316759109497
0.08506503701210022
0.06440237909555435
0.06203778460621834
0.0711536705493927
0.06365615874528885
0.0866110771894455
0.06840990483760834
0.11671300232410431
0.13859586417675018
0.12078080326318741
0.06372369080781937
0.0985216498374939
0.09355693310499191
0.10554788261651993
0.13957522809505463
0.06927122175693512
0.08069167286157608
0.054797615855932236
0.13190193474292755
0.08931691944599152
0.0707622542977333
0.07417628169059753
0.10040532797574997
0.06377070397138596
0.06925971060991287
0.04675066098570824
0.11104819178581238
0.08280359208583832
0.09016474336385727
0.07988771796226501
0.11164683103561401
0.07780911028385162
0.08259376883506775
0.06509941071271896
0.12329889088869095
0.10340770334005356
0.062056753784418106
0.12982578575611115
0.14422965049743652
0.08533859997987747
0.08112889528274536
0.16412799060344696
0.0685349553823471
0.05972778797149658
0.10168004035949707
0.06973326951265335
0.09250384569168091
0.0628974437713623
0.05333670973777771
0.041201937943696976
0.06371705234050751
0.04722841456532478
0.12012775987386703
0.11503802239894867
0.08312688767910004
0.1126505583524704
0.06729567050933838
0.05986848101019859
0.11655323207378387
0.09372768551111221
0.11915116757154465
0.11841722577810287
0.15031996369361877
0.08421202749013901
0.062185484915971756
0.066987045109272
0.05546237900853157
0.08626994490623474
0.0829804390668869
0.11970788985490799
0.11297152936458588
0.08666427433490753
0.12256311625242233
0.06524725258350372
0.0714954063296318
0.06002549082040787
0.1259089857339859
0.10351426154375076
0.10816991329193115
0.07086557149887085
0.11489594727754593
0.10460235178470612
0.059513624757528305
0.09965647011995316
0.07190356403589249
0.06319069862365723
0.05464674532413483
0.07289328426122665
0.06706438213586807
0.06076804921030998
0.09908610582351685
0.06442887336015701
0.05671492591500282
0.06900567561388016
0.13115206360816956
0.0718398317694664
0.07285445183515549
0.1204015389084816
0.10647068172693253
0.07018336653709412
0.06957954168319702
0.10357774049043655
0.12798739969730377
0.06852221488952637
0.1235937550663948
0.062481772154569626
0.09024713933467865
0.07718998193740845
0.10388721525669098
0.12674978375434875
0.07553092390298843
0.06828981637954712
0.06417540460824966
0.12715601921081543
0.10796324908733368
0.0591585747897625
0.09730973094701767
0.07895570248365402
0.0776352733373642
0.11303810775279999
0.06423072516918182
0.0774233415722847
0.0639336109161377
0.13335159420967102
0.06219305470585823
0.1373419463634491
0.07133461534976959
0.03977029398083687
0.1403435319662094
0.08857084065675735
0.08393760770559311
0.06363698095083237
0.11887937039136887
0.16672998666763306
0.10718236118555069
0.1053556278347969
0.07497458159923553
0.08339018374681473
0.06756971776485443
0.09115222096443176
0.16847673058509827
0.0955670028924942
0.09134691953659058
0.06569357216358185
0.05346256121993065
0.062427863478660583
0.09302083402872086
0.06860699504613876
0.08397884666919708
0.1224931925535202
0.06690354645252228
0.11856876313686371
0.07734423130750656
0.07435242086648941
0.07263648509979248
0.08004266768693924
0.05313950777053833
0.07318276166915894
0.06944934278726578
0.06275153905153275
0.06423788517713547
0.14606891572475433
0.07623005658388138
0.08573442697525024
0.05953080207109451
0.05737121403217316
0.07148087024688721
0.09643414616584778
0.06900887191295624
0.06319543719291687
0.06384003907442093
0.1104002594947815
0.057468291372060776
0.06481347978115082
0.10344808548688889
0.10925723612308502
0.15382559597492218
0.07236138731241226
0.06713487207889557
0.08858788013458252
0.09111469238996506
0.0745496079325676
0.08690918982028961
0.0798824205994606
0.1140284538269043
0.0531156025826931
0.057924430817365646
0.05829641595482826
0.05070473626255989
0.07387363165616989
0.04845850169658661
0.05447616055607796
0.06334948539733887
0.07997937500476837
0.10115044564008713
0.07911595702171326
0.17827634513378143
0.07527470588684082
0.08146139234304428
0.08677104115486145
0.058497052639722824
0.11824603378772736
0.060249410569667816
0.08165491372346878
0.08756832033395767
0.126395583152771
0.10098222643136978
0.057935915887355804
0.08605727553367615
0.12161848694086075
0.052092455327510834
0.16472230851650238
0.03773093968629837
0.10093142837285995
0.09764066338539124
0.1079988107085228
0.09979245066642761
0.11204037070274353
0.05913027748465538
0.05540916323661804
0.058303382247686386
0.09614677727222443
0.11526685208082199
0.04958692193031311
0.06758745014667511
0.05053751915693283
0.12004809826612473
0.09003918617963791
0.1044619157910347
0.07007507979869843
0.11965154856443405
0.07134769856929779
0.06557632982730865
0.056906308978796005
0.1255035549402237
0.08006070554256439
0.10707163065671921
0.04491737112402916
0.08202819526195526
0.08069224655628204
0.12702937424182892
0.08253633230924606
0.05182712525129318
0.08296587318181992
0.059231195598840714
0.06338924169540405
0.15320715308189392
0.14612992107868195
0.05905458331108093
0.0810355469584465
0.1255086362361908
0.10337096452713013
0.10381519794464111
0.08684223145246506
0.0993361845612526
0.06471888720989227
0.10272366553544998
0.09699248522520065
0.061348821967840195
0.06633245199918747
0.09584184736013412
0.07272560149431229
0.05682144686579704
0.08566705882549286
0.06072404235601425
0.0741182193160057
0.08436661958694458
0.13177648186683655
0.06454295665025711
0.08140059560537338
0.05899830535054207
0.07449859380722046
0.11982601881027222
0.09474043548107147
0.06422923505306244
0.047109026461839676
0.06781203299760818
0.08112669736146927
0.08704067766666412
0.0714116245508194
0.0782172903418541
0.06222565844655037
0.13134072721004486
0.052119180560112
0.07713249325752258
0.06265287846326828
0.09187187999486923
0.05039680004119873
0.10074350982904434
0.08265721797943115
0.06935003399848938
0.06074242666363716
0.07693101465702057
0.08566901832818985
0.06397710740566254
0.05568436160683632
0.04930951073765755
0.12818177044391632
0.05651545524597168
0.10843439400196075
0.10283797234296799
0.058646123856306076
0.14706650376319885
0.05079914629459381
0.10786845535039902
0.0826910063624382
0.04209510609507561
0.07795315235853195
0.08024565875530243
0.054115936160087585
0.05907471850514412
0.10821811854839325
0.1485733985900879
0.08370199799537659
0.0940132662653923
0.1304829865694046
0.08020685613155365
0.08283787965774536
0.08984683454036713
0.10392588376998901
0.08469387888908386
0.06432869285345078
0.08863593637943268
0.14558298885822296
0.05850379168987274
0.07967270910739899
0.12840944528579712
0.08564245700836182
0.13775694370269775
0.1083412617444992
0.08505140244960785
0.06348918378353119
0.08394712954759598
0.09570547193288803
0.06937191635370255
0.0631135106086731
0.08888715505599976
0.0818171501159668
0.08465215563774109
0.09629780799150467
0.05896306037902832
0.06603450328111649
0.07361893355846405
0.07344251871109009
0.08920919895172119
0.06950955092906952
0.1317739635705948
0.05745898559689522
0.06540420651435852
0.12023735791444778
0.04107111319899559
0.053027551621198654
0.07411830127239227
0.06454704701900482
0.050294212996959686
0.11118476092815399
0.09774350374937057
0.12612946331501007
0.07753865420818329
0.11552215367555618
0.12172903120517731
0.0519975870847702
0.08197779208421707
0.05488582327961922
0.06673748791217804
0.10461147874593735
0.12851275503635406
0.07790454477071762
0.06332007050514221
0.04331021010875702
0.0978001207113266
0.06407029926776886
0.08979323506355286
0.06998591870069504
0.06793726235628128
0.13029322028160095
0.05340900272130966
0.0759587287902832
0.1446613073348999
0.05827890709042549
0.10125436633825302
0.08648156374692917
0.12180769443511963
0.039840586483478546
0.1027207225561142
0.050296396017074585
0.09725745767354965
0.05944175273180008
0.06522328406572342
0.04884869605302811
0.12417960911989212
0.08791658282279968
0.046906981617212296
0.07644595205783844
0.06432269513607025
0.057796917855739594
0.08766943961381912
0.07796210795640945
0.039926476776599884
0.06164839491248131
0.0572672076523304
0.05011618882417679
0.149741992354393
0.08947022259235382
0.048963580280542374
0.05355984345078468
0.07263612002134323
0.07771387696266174
0.0857386440038681
0.07047068327665329
0.07005742937326431
0.12860850989818573
0.12537981569766998
0.0603550486266613
0.07005514204502106
0.0744614526629448
0.11948775500059128
0.09831390529870987
0.06692671030759811
0.07878604531288147
0.056778330355882645
0.08352428674697876
0.11571390181779861
0.1429303139448166
0.053333308547735214
0.11289937794208527
0.12536586821079254
0.11667054891586304
0.1318168342113495
0.07553978264331818
0.16006992757320404
0.07684087753295898
0.09312307834625244
0.06282192468643188
0.11718475818634033
0.06913648545742035
0.1261996179819107
0.07550989836454391
0.0543367937207222
0.0739230364561081
0.06312644481658936
0.09130850434303284
0.11848011612892151
0.0647457167506218
0.06769213080406189
0.07169971615076065
0.0703418180346489
0.1618424355983734
0.0525817945599556
0.09379056841135025
0.05854666233062744
0.048800285905599594
0.0765024796128273
0.0723748430609703
0.0473189651966095
0.07467857748270035
0.13839465379714966
0.12133494019508362
0.06429813802242279
0.11969279497861862
0.07757991552352905
0.0901179313659668
0.16265636682510376
0.06479440629482269
0.04561740905046463
0.12080422043800354
0.05770581215620041
0.14406466484069824
0.07952659577131271
0.07758110016584396
0.15707063674926758
0.15209226310253143
0.07750698924064636
0.05235430225729942
0.08206458389759064
0.04822739213705063
0.07043498754501343
0.046911969780921936
0.13539719581604004
0.09317006170749664
0.08439118415117264
0.07711813598871231
0.14888297021389008
0.12138943374156952
0.08858097344636917
0.1250009834766388
0.06542537361383438
0.09014613181352615
0.1248852089047432
0.12049341201782227
0.09403295069932938
0.06714382022619247
0.07723673433065414
0.1304483711719513
0.07492636889219284
0.06154436618089676
0.13262495398521423
0.12085545063018799
0.09701113402843475
0.07323294878005981
0.07376673072576523
0.07315079867839813
0.11787089705467224
0.05023530498147011
0.06355483829975128
0.10639649629592896
0.056928690522909164
0.06546636670827866
0.08379819244146347
0.04830804467201233
0.06726018339395523
0.07937166839838028
0.11924566328525543
0.051132071763277054
0.09846961498260498
0.1312292516231537
0.12372526526451111
0.106694296002388
0.07845133543014526
0.08798295259475708
0.06279607862234116
0.09883155673742294
0.12874792516231537
0.0674639567732811
0.10220960527658463
0.08490285277366638
0.10567247867584229
0.07076622545719147
0.05484810844063759
0.06945189088582993
0.11757861077785492
0.09553376585245132
0.048401083797216415
0.08778554946184158
0.06754624843597412
0.057170696556568146
0.11597912013530731
0.06397481262683868
0.08428063243627548
0.07618413865566254
0.05378289148211479
0.10297426581382751
0.059799570590257645
0.1547182947397232
0.09395251423120499
0.06083449348807335
0.08257435262203217
0.05111963301897049
0.11106284707784653
0.08280497044324875
0.13881997764110565
0.05184047296643257
0.09165813028812408
0.11212765425443649
0.06667760014533997
0.07317321002483368
0.08303661644458771
0.09694498032331467
0.09500804543495178
0.04907412827014923
0.06804603338241577
0.1116691306233406
0.0729038193821907
0.07447050511837006
0.061758000403642654
0.12461649626493454
0.06399887055158615
0.16981908679008484
0.06679018586874008
0.04629216715693474
0.07037980109453201
0.06703246384859085
0.13620205223560333
0.08531205356121063
0.0646970123052597
0.07623311877250671
0.07501298189163208
0.09046253561973572
0.12452725321054459
0.05853324010968208
0.07380054146051407
0.056363318115472794
0.1125449612736702
0.0874064639210701
0.05431041494011879
0.06012513488531113
0.07186423987150192
0.07353396713733673
0.16130292415618896
0.05742380768060684
0.06166471913456917
0.057548247277736664
0.06446018815040588
0.0463617704808712
0.08681916445493698
0.09088573604822159
0.05754983425140381
0.07242250442504883
0.06239023432135582
0.07349780201911926
0.053865306079387665
0.15263138711452484
0.06801851093769073
0.07863669097423553
0.10559797286987305
0.1993519812822342
0.05281193554401398
0.06521843373775482
0.05024616792798042
0.061225637793540955
0.07626637816429138
0.10405293852090836
0.07330197095870972
0.13976764678955078
0.06248556450009346
0.06817126274108887
0.1118767261505127
0.1404755860567093
0.05847720429301262
0.12875059247016907
0.11922559887170792
0.050721246749162674
0.11423160880804062
0.05661892518401146
0.0657425969839096
0.062335025519132614
0.08977021276950836
0.15483416616916656
0.09704262018203735
0.07640670984983444
0.06983257830142975
0.0669783502817154
0.06714734435081482
0.06933887302875519
0.18291231989860535
0.0505998469889164
0.0626930221915245
0.08381079882383347
0.0791463777422905
0.12233959138393402
0.08166010677814484
0.0524364672601223
0.10219182074069977
0.11939022690057755
0.09024817496538162
0.09184619784355164
0.1212979257106781
0.08382318168878555
0.059286683797836304
0.10306943953037262
0.13323073089122772
0.12373959273099899
0.11630304902791977
0.12542477250099182
0.13315871357917786
0.0708824023604393
0.0996868833899498
0.08538646250963211
0.08344470709562302
0.08994162827730179
0.06328102201223373
0.06810542196035385
0.06409072130918503
0.08836229890584946
0.08424202352762222
0.06282594799995422
0.08042088896036148
0.12545821070671082
0.06872861087322235
0.08436258882284164
0.07255543768405914
0.062230341136455536
0.04917473718523979
0.08357030898332596
0.06486402451992035
0.06542042642831802
0.07468568533658981
0.05111086741089821
0.06474801152944565
0.13685862720012665
0.06845136731863022
0.1254662722349167
0.10372984409332275
0.07665824145078659
0.06712622940540314
0.06550789624452591
0.13142073154449463
0.08141594380140305
0.07567775249481201
0.15625938773155212
0.08849455416202545
0.09873410314321518
0.06463178247213364
0.06980124115943909
0.11998632550239563
0.12647806107997894
0.10155867040157318
0.06786740571260452
0.12181093543767929
0.06620559841394424
0.12178386747837067
0.06947579979896545
0.09701236337423325
0.08662471175193787
0.09815379232168198
0.07678774744272232
0.06762803345918655
0.12383447587490082
0.11360479891300201
0.06569314002990723
0.1015181690454483
0.08359479904174805
0.05860840529203415
0.06668437272310257
0.1530950963497162
0.05888206139206886
0.06968682259321213
0.08043214678764343
0.06188616156578064
0.14383718371391296
0.13424985110759735
0.0695568323135376
0.08178862929344177
0.04314068332314491
0.041144151240587234
0.06405279785394669
0.09195156395435333
0.16951021552085876
0.06723618507385254
0.08345472812652588
0.05143916979432106
0.08630703389644623
0.08804217725992203
0.11952143907546997
0.06530025601387024
0.10052987933158875
0.07832694053649902
0.08352413028478622
0.09817536175251007
0.057799793779850006
0.13350500166416168
0.08209776878356934
0.09804088622331619
0.07431776821613312
0.07237628102302551
0.08150860667228699
0.10147913545370102
0.062372103333473206
0.05546732246875763
0.08843720704317093
0.07484301179647446
0.14320263266563416
0.07540155947208405
0.07584654539823532
0.0720725730061531
0.07986460626125336
0.08123258501291275
0.06497009098529816
0.10166827589273453
0.06340458989143372
0.07837353646755219
0.11185289919376373
0.05097493156790733
0.05915210768580437
0.10424775630235672
0.12299579381942749
0.12505464255809784
0.132599875330925
0.05362651124596596
0.07920689880847931
0.10843813419342041
0.10579439997673035
0.1204877719283104
0.1360817849636078