0.04683229327201843
0.15126587450504303
0.175511434674263
0.09544439613819122
0.07186592370271683
0.08463741838932037
0.13988395035266876
0.08360729366540909
0.06483646482229233
0.06379493325948715
0.10338760912418365
0.087371826171875
0.08396507054567337
0.056299205869436264
0.09334579855203629
0.06560204923152924
0.1030711755156517
0.11758258938789368
0.08689511567354202
0.12928038835525513
0.04631251096725464
0.0835065096616745
0.05832001939415932
0.05821329727768898
0.1300976574420929
0.0992269292473793
0.10955162346363068
0.06283193826675415
0.06645118445158005
0.08588280528783798
0.0699487179517746
0.05706686154007912
0.09589002281427383
0.14826561510562897
0.07803238928318024
0.07081731408834457
0.08298229426145554
0.10225390642881393
0.0829525738954544
0.06127249076962471
0.11216091364622116
0.09853857755661011
0.12337953597307205
0.06526359915733337
0.11071853339672089
0.12039512395858765
0.08698024600744247
0.0916576012969017
0.06623819470405579
0.11494860053062439
0.07597512006759644
0.058199431747198105
0.11092672497034073
0.07143198698759079
0.12800215184688568
0.0971142128109932
0.08063586056232452
0.06461077183485031
0.10326382517814636
0.0683087483048439
0.11596029251813889
0.06565479934215546
0.11569631099700928
0.08484111726284027
0.07818961143493652
0.052198562771081924
0.08123224973678589
0.04778367280960083
0.08402708172798157
0.04940495640039444
0.07268961519002914
0.06968884915113449
0.1410408914089203
0.08349102735519409
0.094591423869133
0.11744316667318344
0.13904835283756256
0.09633534401655197
0.0857415497303009
0.06314849108457565
0.04734912887215614
0.06356673687696457
0.06113457307219505
0.08912414312362671
0.08382969349622726
0.13345064222812653
0.0842607319355011
0.07867667078971863
0.07384853065013885
0.05165676400065422
0.1057162880897522
0.13131074607372284
0.085450679063797
0.1257394254207611
0.1401333063840866
0.09676176309585571
0.05601954460144043
0.0907851979136467
0.07106256484985352
0.04827762022614479
0.06138239800930023
0.09695736318826675
0.11988881230354309
0.07633510231971741
0.1523265242576599
0.09696438163518906
0.07923538982868195
0.06849335879087448
0.08811071515083313
0.11237549781799316
0.04084772244095802
0.10616195201873779
0.05911948159337044
0.054141685366630554
0.06123539060354233
0.09268724918365479
0.05422845110297203
0.14699336886405945
0.08433295786380768
0.06881332397460938
0.12831486761569977
0.09492140263319016
0.07718967646360397
0.08090951293706894
0.05926833301782608
0.062071818858385086
0.09525538980960846
0.14537763595581055
0.11514905095100403
0.049095965921878815
0.08047531545162201
0.061430539935827255
0.1048995777964592
0.20932269096374512
0.0700240507721901
0.06454730033874512
0.07003318518400192
0.10561295598745346
0.04850650578737259
0.05982474982738495
0.05498216673731804
0.0657629668712616
0.06469468027353287
0.10047043859958649
0.052959319204092026
0.09012415260076523
0.06310346722602844
0.07413437217473984
0.08860623091459274
0.12214470654726028
0.0627794936299324
0.06042047590017319
0.05975735932588577
0.06308417022228241
0.052040502429008484
0.043225646018981934
0.1240294948220253
0.05745647847652435
0.09416200965642929
0.10564043372869492
0.07212595641613007
0.07085136324167252
0.07729702442884445
0.05997031554579735
0.06041773781180382
0.0686202421784401
0.08206496387720108
0.06197085231542587
0.07706297188997269
0.10872118920087814
0.058849040418863297
0.0559583343565464
0.05371427536010742
0.12039762735366821
0.0885547325015068
0.061757151037454605
0.08259530365467072
0.07010462135076523
0.06250478327274323
0.1583050787448883
0.11319602280855179
0.07372488081455231
0.08517052233219147
0.0800289660692215
0.06223641708493233
0.07430697232484818
0.10189542919397354
0.060312725603580475
0.05028076842427254
0.13304544985294342
0.14152543246746063
0.07564471662044525
0.0654013603925705
0.09157302230596542
0.1278945356607437
0.0679398700594902
0.04905125871300697
0.09018057584762573
0.0594601072371006
0.10374447703361511
0.0629095509648323
0.10005571693181992
0.10285665094852448
0.10298603028059006
0.07494251430034637
0.06605089455842972
0.06815770268440247
0.08592776954174042
0.06082885339856148
0.08780810236930847
0.08840344846248627
0.06956061720848083
0.08339284360408783
0.06052505224943161
0.0776076465845108
0.10857542604207993
0.12422803789377213
0.08199724555015564
0.10063055157661438
0.07680346071720123
0.07789774239063263
0.11630953848361969
0.045722585171461105
0.09683869034051895
0.051839493215084076
0.07109386473894119
0.08330267667770386
0.06370715796947479
0.0592680424451828
0.0706082135438919
0.0629083588719368
0.08469180017709732
0.06668111681938171
0.11595849692821503
0.13686884939670563
0.11794564127922058
0.06260553002357483
0.09983004629611969
0.09211750328540802
0.10529400408267975
0.1392246037721634
0.06915155798196793
0.07875046133995056
0.05290331318974495
0.13148725032806396
0.08766885846853256
0.07127614319324493
0.0736493319272995
0.0987902358174324
0.06344784051179886
0.06624575704336166
0.045676156878471375
0.11186825484037399
0.08016707003116608
0.08916579186916351
0.07924007624387741
0.11245819181203842
0.07740558683872223
0.08146985620260239
0.06253546476364136
0.11985288560390472
0.10210999846458435
0.06151016429066658
0.1268204301595688
0.14628644287586212
0.08345772325992584
0.08012428879737854
0.16273073852062225
0.06716319173574448
0.05884914472699165
0.10040286183357239
0.06770474463701248
0.09241823852062225
0.06270602345466614
0.05224587395787239
0.03988972306251526
0.06495862454175949
0.04600456357002258
0.11916114389896393
0.12094060331583023
0.08255454152822495
0.11135818064212799
0.06592576950788498
0.05825383961200714
0.11863375455141068
0.09153292328119278
0.11949814110994339
0.11797697097063065
0.14757288992404938
0.08364873379468918
0.058965522795915604
0.0648094043135643
0.054212648421525955
0.08532316237688065
0.08170419186353683
0.12048482894897461
0.11202534288167953
0.08826972544193268
0.12123780697584152
0.06398609280586243
0.06883498281240463
0.05978847295045853
0.12547536194324493
0.10378263890743256
0.11418233811855316
0.06785488873720169
0.11556895077228546
0.10564005374908447
0.05789751559495926
0.09995116293430328
0.07031071931123734
0.061315372586250305
0.05540380999445915
0.06831976026296616
0.06629438698291779
0.06052568927407265
0.10000713914632797
0.06296181678771973
0.05532306805253029
0.06839437782764435
0.12882497906684875
0.0732746422290802
0.07383813709020615
0.11777975410223007
0.10382356494665146
0.0664685070514679
0.07162106782197952
0.10139167308807373
0.12841182947158813
0.06669571250677109
0.12298208475112915
0.061538901180028915
0.09029935300350189
0.075074203312397
0.10498271882534027
0.12472947686910629
0.07652796059846878
0.06797262281179428
0.06303704530000687
0.12402133643627167
0.1076173409819603
0.05688059329986572
0.0954408124089241
0.07666575163602829
0.07546279579401016
0.11201989650726318
0.06165219470858574
0.07522149384021759
0.06493045389652252
0.13309280574321747
0.0610000379383564
0.1385059505701065
0.0683828592300415
0.039973530918359756
0.13773995637893677
0.08733820915222168
0.0826389268040657
0.06271426379680634
0.1194894090294838
0.16362424194812775
0.10564374923706055
0.11078960448503494
0.07393527030944824
0.08184457570314407
0.06571118533611298
0.08693873137235641
0.16765831410884857
0.0954320952296257
0.08928770571947098
0.06385822594165802
0.053019214421510696
0.06035783141851425
0.0925464928150177
0.06812017410993576
0.08715493232011795
0.126899853348732
0.06374780833721161
0.11758608371019363
0.07662702351808548
0.07390692830085754
0.07350485026836395
0.07874220609664917
0.05273255705833435
0.07132715731859207
0.06661424040794373
0.060032110661268234
0.06141340732574463
0.144370436668396
0.0741962343454361
0.08521327376365662
0.058513343334198
0.05666463449597359
0.06828434765338898
0.09605521708726883
0.06746145337820053
0.06139335781335831
0.06307928264141083
0.11184062063694
0.05502455681562424
0.06375735253095627
0.10237810760736465
0.1103561669588089
0.1517624706029892
0.0690164864063263
0.06596831232309341
0.0866696685552597
0.09041976183652878
0.07343035936355591
0.085432268679142
0.07526882737874985
0.11134567111730576
0.050551626831293106
0.05702642723917961
0.05602681264281273
0.04976196587085724
0.07122354209423065
0.047483354806900024
0.053718846291303635
0.06352144479751587
0.07857479900121689
0.09967397153377533
0.07746388763189316
0.1770174354314804
0.07297113537788391
0.07981216162443161
0.08484356850385666
0.05847220495343208
0.12956081330776215
0.05814776569604874
0.08062686771154404
0.08501970767974854
0.12313703447580338
0.10120751708745956
0.05709521844983101
0.08581697195768356
0.1221531331539154
0.05014459788799286
0.16323105990886688
0.03716927021741867
0.09937734156847
0.10138094425201416
0.10806837677955627
0.09441670030355453
0.11347856372594833
0.0582299679517746
0.05356604978442192
0.05959474295377731
0.09667646139860153
0.11575568467378616
0.047143176198005676
0.06833763420581818
0.04903707653284073
0.12093476951122284
0.0882074311375618
0.10158085078001022
0.06846024841070175
0.1179080680012703
0.0691714733839035
0.06666718423366547
0.05646737664937973
0.12609079480171204
0.07550005614757538
0.10616082698106766
0.04398546367883682
0.08003700524568558
0.0783986747264862
0.123830646276474
0.08253670483827591
0.0503920279443264
0.07930529117584229
0.056502509862184525
0.06119231879711151
0.15217004716396332
0.14334602653980255
0.057289041578769684
0.0792732983827591
0.1230071634054184
0.10130824893712997
0.10289156436920166
0.08343789726495743
0.10115082561969757
0.06329456716775894
0.10138098150491714
0.09454714506864548
0.0603630468249321
0.06574105471372604
0.09929012507200241
0.0714830607175827
0.05487847328186035
0.08250589668750763
0.05738069862127304
0.07232073694467545
0.08239862322807312
0.12991060316562653
0.06342842429876328
0.0853738784790039
0.05854684114456177
0.07346580177545547
0.11732035130262375
0.09268771857023239
0.0645790621638298
0.04538629576563835
0.06661280989646912
0.0801573321223259
0.08551011979579926
0.06929294019937515
0.07541859894990921
0.05945826321840286
0.13296057283878326
0.053260672837495804
0.07544084638357162
0.06235644593834877
0.09254538267850876
0.04922578111290932
0.09679233282804489
0.07928650826215744
0.06986845284700394
0.059513479471206665
0.07451282441616058
0.08573347330093384
0.06411636620759964
0.05585123598575592
0.047217946499586105
0.1276766061782837
0.056044239550828934
0.10834714025259018
0.10031547397375107
0.05871767923235893
0.14537017047405243
0.049055248498916626
0.10767687857151031
0.08263403922319412
0.04325585439801216
0.07625814527273178
0.07967109978199005
0.05221254751086235
0.056532904505729675
0.11190874874591827
0.14480914175510406
0.08082618564367294
0.10025855898857117
0.1279975324869156
0.07724495232105255
0.0810939148068428
0.08869367837905884
0.10150747001171112
0.08582816272974014
0.0622289776802063
0.08656954765319824
0.14362561702728271
0.05818156898021698
0.07920785248279572
0.12762010097503662
0.08481886982917786
0.13595660030841827
0.10772925615310669
0.0847153440117836
0.06226910278201103
0.08371473848819733
0.09418768435716629
0.07203114032745361
0.061334278434515
0.0870887041091919
0.08152270317077637
0.08413691073656082
0.09396758675575256
0.05742499604821205
0.06298350542783737
0.07183666527271271
0.07195938378572464
0.08732064813375473
0.06840121746063232
0.13254746794700623
0.057042427361011505
0.06405491381883621
0.11801794171333313
0.03933366388082504
0.053058773279190063
0.0731179416179657
0.06418225914239883
0.049883779138326645
0.11116917431354523
0.09848915040493011
0.12543457746505737
0.07566282898187637
0.11680084466934204
0.11865949630737305
0.05110764130949974
0.0802537053823471
0.05335173383355141
0.06391913443803787
0.1048908457159996
0.12653575837612152
0.07432539016008377
0.06302910298109055
0.04251711443066597
0.09542383998632431
0.06124620512127876
0.08509194105863571
0.067677803337574
0.0646330863237381
0.12908169627189636
0.05161647871136665
0.07421812415122986
0.143499493598938
0.05801847577095032
0.10100951790809631
0.08724759519100189
0.12056975066661835
0.038482025265693665
0.10459192842245102
0.04889560118317604
0.09835140407085419
0.05861903727054596
0.06244392693042755
0.04672832787036896
0.12399860471487045
0.08797431737184525
0.04609255865216255
0.07277192920446396
0.06344407796859741
0.05661013722419739
0.0848645269870758
0.07609120011329651
0.03953486680984497
0.06044813618063927
0.05659215897321701
0.04923946410417557
0.15053756535053253
0.08764053136110306
0.04884659871459007
0.05293254181742668
0.07048995792865753
0.07336265593767166
0.08522950112819672
0.07164651155471802
0.0677618607878685
0.12968043982982635
0.12813539803028107
0.05665426328778267
0.0692729577422142
0.07663758099079132
0.12095534801483154
0.10103866457939148
0.0661812424659729
0.0785091295838356
0.05367014929652214
0.08387599885463715
0.11400933563709259
0.14369070529937744
0.05214100331068039
0.11311300098896027
0.12436603754758835
0.11366380006074905
0.1318134367465973
0.07457723468542099
0.15948611497879028
0.07620780169963837
0.09140580147504807
0.06233101338148117
0.11519913375377655
0.06767097860574722
0.1325766146183014
0.07423612475395203
0.05313180014491081
0.07029770314693451
0.06203417479991913
0.08914069086313248
0.11649506539106369
0.06443136185407639
0.0669788047671318
0.06943336129188538
0.06833178550004959
0.16149039566516876
0.051686063408851624
0.09932134300470352
0.058037567883729935
0.046250391751527786
0.07519614696502686
0.07059142738580704
0.04676603898406029
0.07318572700023651
0.1380484253168106
0.11968274414539337
0.0637301504611969
0.1183764636516571
0.07666543871164322
0.0850130170583725
0.16519223153591156
0.06409495323896408
0.04501162841916084
0.11929858475923538
0.056618738919496536
0.14303262531757355
0.07829035073518753
0.07490114122629166
0.1559959501028061
0.15096385776996613
0.0755385011434555
0.05211712419986725
0.08098161965608597
0.0469549223780632
0.0714976042509079
0.047300878912210464
0.13395388424396515
0.0909370705485344
0.08475106954574585
0.07435250282287598
0.14498838782310486
0.12215164303779602
0.08606322109699249
0.12062425166368484
0.06586015969514847
0.08986423909664154
0.12375493347644806
0.11759161204099655
0.09400048106908798
0.06520039588212967
0.07561086118221283
0.13077819347381592
0.07522208988666534
0.06022348627448082
0.13078565895557404
0.11884701997041702
0.0989920124411583
0.07073428481817245
0.07183457165956497
0.07093548029661179
0.118655726313591
0.049171723425388336
0.06281457096338272
0.10587459057569504
0.05587095394730568
0.06261087954044342
0.08304840326309204
0.047021787613630295
0.0653582289814949
0.0787973403930664
0.11777316778898239
0.04955315962433815
0.09779469668865204
0.13087794184684753
0.122528575360775
0.11466719210147858
0.07758036255836487
0.08301369100809097
0.06103406101465225
0.09547138959169388
0.12866586446762085
0.06714188307523727
0.09990250319242477
0.08242673426866531
0.10163995623588562
0.07113774865865707
0.053972408175468445
0.06817704439163208
0.11861153692007065
0.09451138973236084
0.04543236643075943
0.08720604330301285
0.06569746136665344
0.05625120550394058
0.11695176362991333
0.061905112117528915
0.08261734992265701
0.07426507771015167
0.051989346742630005
0.09767687320709229
0.05882566049695015
0.15234239399433136
0.10450319200754166
0.06021615490317345
0.08103138208389282
0.048902157694101334
0.10917948931455612
0.07975704222917557
0.13702689111232758
0.051088280975818634
0.08980406075716019
0.10893765836954117
0.06383712589740753
0.0734836682677269
0.08272307366132736
0.09517496824264526
0.09452186524868011
0.04795537516474724
0.06698503345251083
0.11012253165245056
0.07119504362344742
0.07268385589122772
0.06052630767226219
0.12735053896903992
0.06153159961104393
0.16981388628482819
0.06681782752275467
0.046617910265922546
0.0686488226056099
0.06570202857255936
0.13899478316307068
0.08616536110639572
0.06217723712325096
0.07358789443969727
0.07299479097127914
0.09278781712055206
0.12228469550609589
0.058513838797807693
0.07203192263841629
0.055954210460186005
0.11137672513723373
0.08747625350952148
0.05186794698238373
0.05727437511086464
0.07041200995445251
0.07216764986515045
0.15847843885421753
0.05653587356209755
0.06114460155367851
0.05656827241182327
0.06295355409383774
0.046719372272491455
0.08647801727056503
0.08667027205228806
0.05732940882444382
0.06905832886695862
0.05913932994008064
0.07181669771671295
0.053499311208724976
0.15392254292964935
0.06720700860023499
0.07616429775953293
0.10547632724046707
0.19872355461120605
0.051004357635974884
0.0633273646235466
0.04875640943646431
0.059089481830596924
0.07526493817567825
0.1084277406334877
0.07182449102401733
0.1361900269985199
0.060455724596977234
0.06666741520166397
0.11227735131978989
0.13736063241958618
0.0580689013004303
0.12667931616306305
0.11653111129999161
0.048408061265945435
0.11313620209693909
0.055369146168231964
0.06439317762851715
0.059870343655347824
0.08960554003715515
0.15562808513641357
0.09355849027633667
0.07412458211183548
0.0688776895403862
0.06472056359052658
0.06427910923957825
0.06655977666378021
0.18087925016880035
0.048204127699136734
0.06118364632129669
0.08192617446184158
0.07726980745792389
0.1218825951218605
0.07868403941392899
0.05150604248046875
0.1012171134352684
0.11817451566457748
0.08922212570905685
0.09033610671758652
0.12088460475206375
0.08185383677482605
0.05974534898996353
0.10150018334388733
0.1320943534374237
0.1231633722782135
0.11503176391124725
0.12341926991939545
0.13147367537021637
0.0680246353149414
0.09874789416790009
0.08449976146221161
0.08139028400182724
0.08982761949300766
0.0640077218413353
0.0677076131105423
0.06070401892066002
0.08544209599494934
0.08466244488954544
0.060751497745513916
0.07901988178491592
0.1261596530675888
0.0675862729549408
0.08342350274324417
0.07062280178070068
0.06152298301458359
0.04845051467418671
0.08168035745620728
0.0636037215590477
0.06483108550310135
0.07556208223104477
0.05000508949160576
0.06357528269290924
0.1352146416902542
0.06656768918037415
0.12704437971115112
0.10912471264600754
0.07639612257480621
0.06551454961299896
0.06353399902582169
0.12914155423641205
0.07954123616218567
0.07377593219280243
0.15385648608207703
0.08820950984954834
0.0981191024184227
0.0634412094950676
0.06809200346469879
0.11457102000713348
0.12479681521654129
0.10047589242458344
0.07061272859573364
0.12029670923948288
0.06344416737556458
0.11931828409433365
0.06949656456708908
0.0988776832818985
0.08628933131694794
0.09814722090959549
0.07635963708162308
0.06777510046958923
0.12243370711803436
0.1115116998553276
0.06537842750549316
0.10090910643339157
0.07915349304676056
0.05635896325111389
0.0654698982834816
0.15022073686122894
0.05833886191248894
0.06931785494089127
0.0780646800994873
0.06045392528176308
0.14549382030963898
0.13106657564640045
0.06792563199996948
0.07884392887353897
0.04227544367313385
0.04086361080408096
0.060920797288417816
0.09094760566949844
0.16970162093639374
0.06510768830776215
0.08084022998809814
0.049905743449926376
0.08850961178541183
0.08453970402479172
0.11964113265275955
0.06377803534269333
0.10053880512714386
0.07995308190584183
0.08263260871171951
0.0953502357006073
0.05646933615207672
0.13410604000091553
0.07961089164018631
0.09745576977729797
0.07170310616493225
0.0699920505285263
0.08021633327007294
0.09953268617391586
0.05956776812672615
0.054785165935754776
0.0858767107129097
0.07326369732618332
0.14298290014266968
0.07499005645513535
0.07492704689502716
0.07054809480905533
0.07627512514591217
0.07723580300807953
0.06315216422080994
0.1001160591840744
0.06213529780507088
0.07821708917617798
0.11402245610952377
0.0507064126431942
0.05810602009296417
0.10233564674854279
0.1216786652803421
0.12256987392902374
0.1354450136423111
0.05387885868549347
0.07612235844135284
0.10422135889530182
0.10817863792181015
0.11919102817773819
0.13374751806259155
